b tight {
0.364617
0.486436
0.547392
0.569581
0.571089
0.549325
0.472031
0.302929
0.083657
0.0132275
}
b medium {
0.550703
0.655257
0.708018
0.733123
0.743445
0.73445
0.685051
0.559069
0.337587
0.156085
}
b loose {
0.747759
0.817121
0.85459
0.876767
0.891093
0.894935
0.880487
0.835978
0.761482
0.655203
}
c tight {
0.0153558
0.0200096
0.0227714
0.0253193
0.0274522
0.0289083
0.0250352
0.0149095
0.00344508
0.00315457
}
c medium {
0.100341
0.111135
0.115312
0.123547
0.132176
0.137718
0.12915
0.102925
0.0532662
0.022082
}
c loose {
0.382709
0.419236
0.431463
0.44594
0.460301
0.46941
0.454488
0.433304
0.384656
0.274448
}
l tight {
0.00106936
0.000838236
0.000886369
0.00103145
0.00125678
0.0015645
0.00162616
0.00144056
0.000416533
0
}
l medium {
0.0073096
0.00782829
0.00801778
0.00894073
0.0105117
0.0122973
0.0130844
0.0131463
0.00887536
0.00256148
}
l loose {
0.0951708
0.0892728
0.0866658
0.0965049
0.112411
0.131063
0.15024
0.173086
0.179398
0.170082
}
