WARNING: Release CMSSW_9_3_4 is not available for architecture slc6_amd64_gcc700.
         Developer's area is created for available architecture slc6_amd64_gcc630.
[34myear             : 2018[0m
[34mregion           : control region[0m
[34mchannel          : electron channel[0m
[34mbarrel_or_endcap : barrel[0m
[34mtype             : mc[0m
[34msample           : WGJJ[0m
[34mbtag workpoint   : medium[0m
[34mpujet workpoint   : T[0m
[34minput file list  : filelist_dir3/tight_for_analysis_WGJJ.txt[0m
[34moutput file      : test_unfolding1/2018_electron_mc_control_barrel_WGJJ.root[0m

start load Btag info!
Btag info has been loaded!
file 1 : /data/pku/home/pengj/testvbs/data/for_analysis/2018_PUJetID/full_run2_2018_PUJetID_WGJJ_version8/210312_072157/0000/treePKU_1.root
LUMI : 59.74
btag value cut :  0.4184
Number of events to be analyzed : 2013
processing : [[32m[0m--------------------------------------------------]  [33m0%  p_event: 13984 n_event: 15[0m
566.688  541.49   574.969
641.615  693.012   541.25
690.62  745.942   582.589
0  0   0
454.106  417.607   495.352
419.582  347.796   498.352
631.048  708.302   505.4
681.148  674.34   652.428
502.416  462.456   547.613
467.513  430.543   508.491
654.928  664.305   604.462
634.418  778.643   453.008
498.726  803.003   261.413
0  0   0
578.897  535.247   622.974
505.089  465.726   547.096
597.079  570.529   605.804
576.508  707.568   411.657
631.813  682.424   532.981
470.752  432.915   513.509
633.477  627.145   606.767
519.846  482.883   554.285
file 2 : /data/pku/home/pengj/testvbs/data/for_analysis/2018_PUJetID/full_run2_2018_PUJetID_WGJJ_version8/210312_072157/0000/treePKU_10.root
LUMI : 59.74
btag value cut :  0.4184
Number of events to be analyzed : 2634
processing : [[32m[0m--------------------------------------------------]  [33m0%  p_event: 32356 n_event: 42[0m
483.039  444.841   525.378
544.408  509.148   573.294
549.97  508.501   591.845
547.519  504.849   593.055
598.874  572.244   607.624
478.918  406.111   554.474
470.465  408.327   532.52
448.867  380.628   519.682
154.158  416.952   47.1277
770.422  864.738   617.023
597.474  733.3   426.628
366.148  292.942   455.793
552.616  510.948   594.693
474.024  411.416   536.549
410.279  363.631   456.488
0  0   0
509.927  442.577   577.188
499.356  459.867   543.125
551.246  515.543   580.495
225.634  176.146   292.246
580.418  554.609   588.899
536.299  512.452   544.136
512.417  825.047   268.589
file 3 : /data/pku/home/pengj/testvbs/data/for_analysis/2018_PUJetID/full_run2_2018_PUJetID_WGJJ_version8/210312_072157/0000/treePKU_11.root
LUMI : 59.74
btag value cut :  0.4184
Number of events to be analyzed : 3350
processing : [[32m[0m--------------------------------------------------]  [33m0%  p_event: 55913 n_event: 83[0m
476.859  429.668   524.729
658.015  687.095   582.06
627.678  770.371   448.196
477.724  438.082   521.469
501.129  806.872   262.673
550.043  506.546   598.255
372.62  294.841   471.727
360.87  313.207   408.47
574.685  781.777   362.512
312.724  654.378   128.233
650.578  702.693   548.811
469.726  416.319   522.631
485.896  412.028   562.553
577.995  786.281   364.6
531.042  807.635   295.601
626.799  608.398   619.611
475.161  439.333   511.34
571.059  919.467   299.328
477.689  439.697   520.662
675.25  828.757   482.164
626.213  653.887   553.928
172.584  435.251   58.2046
392.16  706.253   184.058
686.469  804.149   519.948
630.415  773.73   450.15
638.493  716.659   511.363
518.477  481.612   552.827
420.641  348.674   499.61
639.571  784.967   456.688
659.462  688.605   583.339
285.015  223.005   367.673
387.031  309.65   481.789
file 4 : /data/pku/home/pengj/testvbs/data/for_analysis/2018_PUJetID/full_run2_2018_PUJetID_WGJJ_version8/210312_072157/0000/treePKU_12.root
LUMI : 59.74
btag value cut :  0.4184
Number of events to be analyzed : 6714
processing : [[32m[0m--------------------------------------------------]  [33m0%  p_event: 103238 n_event: 155[0m
432.781  400.149   465.733
536.758  494.927   581.399
479.38  441.472   521.398
554.037  753.689   349.487
431.32  734.955   213.528
560.11  528.715   580.287
635.223  606.977   644.505
440.352  405.329   479.966
452.801  415.227   494.264
623.565  699.903   499.407
543.804  508.584   572.659
599.626  773.698   402.708
379.849  684.083   178.28
475.935  433.667   520.688
152.194  411.64   46.5273
461.892  423.563   504.187
247.777  541.249   97.7714
495.796  446.731   545.567
443.495  404.108   485.197
618.413  667.951   521.678
629.862  657.697   557.156
503.45  464.215   545.321
374.322  343.26   408.598
419.64  347.844   498.421
326.467  258.322   413.298
342.922  651.294   153.239
492.955  449.175   539.308
756.208  816.784   637.918
420.734  341.9   512.446
503.318  810.397   263.82
477.748  438.103   521.495
413.792  705.088   204.85
573.334  536.201   603.755
533.38  517.722   527.263
555.742  798.792   329.171
707.941  913.457   475.453
675.584  829.168   482.404
481.841  418.2   545.397
423.811  390.103   461.937
518.16  476.512   565.223
440.487  373.522   509.98
735.784  768.3   650.851
554.973  519.029   584.42
293.711  614.592   120.437
527.486  493.322   555.474
394.774  710.96   185.285
509.613  775.045   283.673
354.018  672.367   158.197
0  0   0
632.602  741.047   479.148
594.089  576.649   587.276
494.05  437.878   549.694
644.588  673.074   570.183
549.067  510.027   585.443
526.781  485.124   572.954
620.6  800.761   416.795
484.274  452.909   509.969
480.806  426.139   534.958
231.068  525.04   87.8509
584.163  558.187   592.699
458.748  398.158   519.259
666.501  906.68   420.429
353.526  671.434   157.977
360.501  288.424   448.763
432.809  737.491   214.264
638.515  747.974   483.626
632.967  816.718   425.101
468.737  431.062   511.311
355.075  709.093   151.711
689.978  890.279   463.389
621.598  593.958   630.681
542.127  779.223   321.107
0  0   0
290.596  608.074   119.159
664.182  693.534   587.515
file 5 : /data/pku/home/pengj/testvbs/data/for_analysis/2018_PUJetID/full_run2_2018_PUJetID_WGJJ_version8/210312_072157/0000/treePKU_13.root
LUMI : 59.74
btag value cut :  0.4184
Number of events to be analyzed : 2662
processing : [[32m[0m--------------------------------------------------]  [33m0%  p_event: 121814 n_event: 177[0m
217.294  512.048   79.5687
566.517  523.8   609.651
437.445  401.145   477.501
415.928  749.058   195.214
459.273  389.452   531.729
489.019  450.909   529.69
684.174  767.932   547.948
428.177  371.624   484.655
680.652  763.979   545.127
528.953  804.459   294.439
669.01  662.323   640.801
493.552  449.719   539.961
682.983  838.249   487.687
249.801  567.607   94.9732
666.071  780.254   504.498
602.043  554.159   656.202
590.95  585.044   566.033
641.964  670.334   567.861
524.551  477.965   573.875
672.051  867.148   451.349
452.776  383.943   524.208
460.069  423.477   501.456
0  0   0
79.0715  284.814   16.6124
499.989  462.289   538.059
395.463  712.201   185.608
646.378  674.943   571.766
621.207  614.998   595.014
0  0   0
532.655  492.492   573.212
186.732  470.934   62.9763
504.01  446.705   560.776
503.682  463.852   547.83
file 6 : /data/pku/home/pengj/testvbs/data/for_analysis/2018_PUJetID/full_run2_2018_PUJetID_WGJJ_version8/210312_072157/0000/treePKU_14.root
LUMI : 59.74
btag value cut :  0.4184
Number of events to be analyzed : 1042
processing : [[32m[0m--------------------------------------------------]  [33m0%  p_event: 129205 n_event: 186[0m
842.729  910.236   710.905
614.43  754.111   438.736
682.428  692.199   629.844
629.204  679.605   530.78
503.288  458.591   550.613
343.929  272.14   435.406
359.426  682.638   160.614
619.836  695.717   496.42
679.741  672.947   651.08
416.301  333.068   518.225
504.38  511.602   465.515
file 7 : /data/pku/home/pengj/testvbs/data/for_analysis/2018_PUJetID/full_run2_2018_PUJetID_WGJJ_version8/210312_072157/0000/treePKU_15.root
LUMI : 59.74
btag value cut :  0.4184
Number of events to be analyzed : 9881
processing : [[32m[0m--------------------------------------------------]  [33m0%  p_event: 198902 n_event: 282[0m
360.483  292.938   439.061
402.11  326.766   489.762
460.081  421.903   502.21
375.167  304.871   456.945
525.538  567.636   443.331
291.824  610.646   119.663
489.663  450.941   532.582
444.276  408.941   484.243
652.858  764.776   494.49
509.844  470.111   552.247
627.109  636.089   578.788
390.533  703.324   183.295
617.913  758.386   441.223
498.135  459.314   539.564
346.817  274.425   439.062
313.05  245.957   400.95
261.493  204.6   337.329
609.338  747.861   435.1
664.508  717.738   560.562
580.411  539.142   618.863
456.3  420.216   496.295
361.516  289.237   450.027
666.616  636.974   676.356
725.766  736.158   669.843
586.016  797.191   369.659
589.552  531.209   648.736
645.417  756.058   488.854
574.15  541.967   594.832
529.927  495.605   558.045
494.36  438.153   550.039
724.101  812.747   579.925
413.251  335.819   503.332
606.776  782.923   407.51
626.056  768.38   447.038
705.185  826.073   534.124
403.495  687.542   199.753
364.051  727.019   155.546
344.868  272.882   436.594
368.167  699.241   164.52
406.037  375.421   436.953
292.199  611.43   119.817
578.354  534.745   622.39
481.397  426.664   535.617
581.373  548.785   602.316
678.825  733.202   572.64
556.584  525.386   576.634
562.811  855.951   313.285
452.497  401.049   503.461
602.814  569.024   624.529
303.866  635.842   124.601
478.873  441.005   520.847
534.149  499.553   562.491
522.247  480.271   569.682
545.443  829.537   303.617
548.15  745.68   345.773
544.742  501.664   592.489
610.104  618.84   563.093
582.458  556.558   590.968
547.246  505.982   588.913
506.151  467.987   544.69
424.563  390.438   463.125
465.243  426.636   507.845
210.892  496.964   77.2248
414.91  360.11   469.638
0  0   0
461.254  420.29   504.626
474.007  427.098   521.591
567.811  535.984   588.265
556.856  525.643   576.916
609.959  592.053   602.964
494.931  752.716   275.5
488.746  450.657   529.394
588.298  555.322   609.49
585.455  559.422   594.01
374.887  299.934   466.671
636.719  618.027   629.417
488.74  449.868   532.707
622.307  582.002   655.327
575.73  538.442   606.278
454.673  732.072   238.322
590.694  557.584   611.973
536.807  483.684   590.695
0  0   0
663.799  745.063   531.63
599.378  581.782   592.504
601.585  738.345   429.564
498.803  459.359   542.524
707.061  763.699   596.458
277.798  217.358   358.362
464.634  423.369   508.323
489.521  446.046   535.55
411.072  740.313   192.935
313.36  247.951   396.706
633.709  627.375   606.989
408.051  734.872   191.517
596.167  551.215   641.559
454.646  414.269   497.397
621.233  801.577   417.22
424.537  392.526   456.861
648.567  629.527   641.129
156.463  408.269   50.3513
0  0   0
618.246  600.096   611.156
357.996  679.924   159.975
493.433  449.61   539.83
556.045  756.421   350.754
433.327  346.69   539.42
276.899  604.862   109.263
440.72  382.51   498.852
file 8 : /data/pku/home/pengj/testvbs/data/for_analysis/2018_PUJetID/full_run2_2018_PUJetID_WGJJ_version8/210312_072157/0000/treePKU_16.root
LUMI : 59.74
btag value cut :  0.4184
Number of events to be analyzed : 5651
processing : [[32m[0m--------------------------------------------------]  [33m0%  p_event: 239236 n_event: 343[0m
636.191  645.301   587.17
610.369  659.262   514.891
97.9037  333.413   21.9856
488.967  433.373   544.039
119.598  367.355   30.6109
628.368  854.806   396.375
263.97  576.62   104.161
322.749  644.538   137.899
490.951  633.475   329.723
458.72  422.97   496.871
488.802  440.429   537.871
650.605  659.92   600.473
329.921  658.862   140.964
610.292  749.032   435.781
526.127  485.125   569.884
541.156  498.362   588.588
756.688  767.522   698.382
432.981  375.794   490.092
477.016  438.675   520.342
0  0   0
514.701  475.892   553.891
260.175  591.18   98.9174
516.013  474.972   562.433
409.733  327.813   510.049
616.594  610.431   590.595
679.51  833.986   485.207
643.346  830.11   432.071
0  0   0
570.506  533.556   600.777
306.955  245.584   382.107
630.628  589.784   664.089
617.831  599.694   610.746
690.468  683.566   661.354
296.01  619.403   121.38
261.78  571.836   103.297
742.613  869.917   562.473
464.255  427.331   506.019
420.16  348.275   499.039
671.677  786.82   508.744
626.639  608.243   619.453
433.155  738.081   214.436
630.393  658.251   557.626
493.338  794.327   258.589
422.091  343.003   514.098
496.169  456.707   540.804
598.033  571.44   606.771
483.019  442.937   527.249
0  0   0
674.712  870.581   453.136
643.039  789.223   459.164
file 9 : /data/pku/home/pengj/testvbs/data/for_analysis/2018_PUJetID/full_run2_2018_PUJetID_WGJJ_version8/210312_072157/0000/treePKU_17.root
LUMI : 59.74
btag value cut :  0.4184
Number of events to be analyzed : 795
processing : [[32m[0m--------------------------------------------------]  [33m0%  p_event: 244829 n_event: 350[0m
446.92  370.457   530.822
500.716  465.114   533.889
699.184  709.195   645.309
491.705  452.598   535.939
635.344  628.993   608.555
684.612  677.769   655.746
464.113  411.344   516.385
585.374  552.562   606.461
330.245  261.311   418.081
394.126  709.795   184.981
654.134  683.042   578.626
file 10 : /data/pku/home/pengj/testvbs/data/for_analysis/2018_PUJetID/full_run2_2018_PUJetID_WGJJ_version8/210312_072157/0000/treePKU_18.root
LUMI : 59.74
btag value cut :  0.4184
Number of events to be analyzed : 6915
processing : [[32m[0m--------------------------------------------------]  [33m0%  p_event: 293348 n_event: 429[0m
595.149  855.433   352.512
441.635  402.413   483.162
403.773  371.843   439.164
511.462  777.856   284.702
637.073  746.285   482.534
563.077  526.608   592.954
580.163  574.364   555.701
511.044  470.632   555.838
477.841  423.512   531.66
510.264  471.789   549.115
488.405  786.385   256.003
0  0   0
525.947  483.673   573.717
757.442  887.288   573.704
609.907  575.72   631.878
307.66  614.404   131.452
603.508  585.791   596.587
496.602  457.9   537.904
627.524  770.181   448.085
444.592  400.594   489.224
642.305  752.414   486.497
366.351  317.964   414.674
500.934  460.671   546.433
519.87  479.355   563.107
530.087  490.118   570.448
537.769  772.958   318.525
551.794  527.258   559.857
601.576  738.335   429.558
633.571  614.971   626.305
443.457  376.041   513.418
410.458  333.55   499.93
693.465  673.107   685.512
625.986  768.294   446.987
660.017  810.062   471.288
383.582  311.709   467.195
479.917  441.747   523.09
712.139  769.184   600.742
313.619  656.25   128.6
328.087  271.955   389.681
483.869  435.984   532.443
678.165  794.42   513.658
553.671  842.051   308.198
657.371  770.062   497.908
541.419  823.417   301.378
503.348  458.645   550.678
450.044  410.075   492.362
452.736  375.278   537.731
463.594  746.437   242.999
717.551  710.379   687.296
527.285  493.134   555.263
325.412  257.488   411.964
517.158  476.262   562.487
350.037  699.033   149.559
638.906  784.151   456.213
645.081  638.634   617.882
463.338  426.097   505.422
542.523  507.386   571.31
0  0   0
602.983  569.184   624.704
505.58  465.599   549.894
476.998  429.793   524.882
579.443  553.677   587.91
582.05  751.019   390.904
372.259  707.012   166.348
647.39  835.328   434.787
500.909  465.293   534.094
565.013  528.419   594.993
481.275  442.592   524.988
682.206  799.154   516.719
684.145  714.379   605.173
652.883  616.287   676.401
122.94  360.59   33.4971
504.148  618.758   359.989
551.618  512.397   588.163
483.127  444.702   526.589
file 11 : /data/pku/home/pengj/testvbs/data/for_analysis/2018_PUJetID/full_run2_2018_PUJetID_WGJJ_version8/210312_072157/0000/treePKU_19.root
LUMI : 59.74
btag value cut :  0.4184
Number of events to be analyzed : 10058
processing : [[32m[0m--------------------------------------------------]  [33m0%  p_event: 364022 n_event: 549[0m
646.876  726.068   518.076
443.449  842.22   198.161
228.586  519.401   86.9072
331.012  661.039   141.43
517.432  476.514   562.786
594.867  767.558   399.513
412.454  381.354   443.858
708.307  718.449   653.729
467.652  430.671   508.642
575.465  530.618   623.326
641.582  635.169   614.53
496.292  455.109   541.737
711.242  690.362   703.085
679.484  659.537   671.692
453.237  401.705   504.285
639.491  690.717   539.459
469.629  431.882   512.284
628.591  610.138   621.382
575.188  537.935   605.708
391.856  318.433   477.272
508.406  470.071   547.116
464.333  427.012   506.507
629.944  856.95   397.369
0  0   0
475.453  412.657   538.167
473.064  435.041   516.031
611.947  716.851   463.503
612.746  606.621   586.91
654.922  767.193   496.054
606.76  588.948   599.802
642.358  752.476   486.537
466.49  429.388   508.455
711.377  798.465   569.734
526.976  474.825   579.878
236.736  537.92   90.0059
456.8  735.498   239.437
692.174  776.911   554.355
626.271  676.438   528.307
677.678  760.64   542.745
357.976  679.885   159.966
562.143  525.734   591.97
568.185  697.353   405.714
505.481  465.508   549.787
424.575  764.63   199.272
699.41  730.318   618.676
473.658  435.986   516.268
726.546  758.653   642.679
438.267  363.285   520.545
651.834  680.639   576.591
524.372  484.834   564.298
715.04  707.893   684.891
483.064  428.141   537.471
614.765  720.152   465.637
563.766  538.698   572.004
488.511  449.247   532.881
351.461  701.876   150.167
605.614  679.755   485.03
0  0   0
462.395  424.025   504.736
640.739  612.248   650.102
824.224  1011.6   588.54
470.235  432.835   512.537
612.685  790.548   411.479
581.778  564.699   575.107
512.781  479.57   539.989
620.949  844.713   391.695
361.23  289.008   449.671
243.35  552.948   92.5205
491.043  426.187   555.813
0  0   0
499.183  457.76   544.892
528.134  803.213   293.983
461.187  424.119   503.075
551.317  515.61   580.57
645.542  654.785   595.8
501.512  762.725   279.164
569.052  528.59   606.751
662.194  642.754   654.6
452.374  416.014   493.462
521.092  480.482   564.43
463.831  425.342   506.304
463.324  424.877   505.75
448.759  380.537   519.557
683.997  839.494   488.411
661.817  775.27   501.276
613.549  607.416   587.679
600.502  816.898   378.797
610.421  604.32   584.683
491.702  435.797   547.082
628.902  679.28   530.526
0  0   0
579.718  788.624   365.687
452.281  415.928   493.36
199.739  487.128   70.3066
187.904  490.31   60.4694
560.765  520.893   597.916
538.956  500.635   574.662
528.299  494.082   556.33
0  0   0
468.76  415.464   521.556
513.607  477.088   547.634
445.83  386.946   504.636
processing : [[32m>>>>>>>>>>>>>>>>>>>>>>>>>>>>>>>>>>>>>>>>>>>>>>>>>[0m-]  [33m99.4233%  p_event: 364022 n_event: 549[0m
497.421  456.144   542.969
file 12 : /data/pku/home/pengj/testvbs/data/for_analysis/2018_PUJetID/full_run2_2018_PUJetID_WGJJ_version8/210312_072157/0000/treePKU_2.root
LUMI : 59.74
btag value cut :  0.4184
Number of events to be analyzed : 3492
processing : [[32m[0m--------------------------------------------------]  [33m0%  p_event: 387984 n_event: 585[0m
346.706  272.4   444.056
579.125  553.373   587.587
566.304  541.122   574.579
0  0   0
693.848  724.511   613.756
571.777  777.822   360.677
588.039  845.215   348.301
623.838  804.939   418.97
513.36  474.652   552.447
0  0   0
638.906  632.52   611.967
465.523  428.106   507.806
447.2  370.69   531.156
430.871  734.189   213.305
502.845  464.929   541.131
534.041  528.704   511.524
568.478  536.613   588.956
480.146  773.087   251.674
0  0   0
495.651  454.521   541.038
460.688  381.869   547.175
596.214  562.795   617.692
515.772  457.13   573.862
175.962  459.149   56.6263
526.941  484.587   574.801
547.214  503.941   595.178
553.785  795.979   328.012
643.577  637.145   616.441
386.676  658.883   191.426
543.999  538.562   521.062
618.572  612.389   592.49
498.673  459.238   542.382
494.492  453.458   539.772
465.225  427.832   507.48
680.287  763.57   544.835
474.829  427.839   522.495
708.768  765.544   597.899
674.25  683.904   622.296
400.216  325.227   487.455
568.076  772.786   358.342
687.343  717.718   608.002
290.378  607.619   119.07
449.036  372.212   533.336
478.91  441.587   518.74
489.458  450.53   533.49
549.339  518.547   569.128
file 13 : /data/pku/home/pengj/testvbs/data/for_analysis/2018_PUJetID/full_run2_2018_PUJetID_WGJJ_version8/210312_072157/0000/treePKU_20.root
LUMI : 59.74
btag value cut :  0.4184
Number of events to be analyzed : 1489
processing : [[32m[0m--------------------------------------------------]  [33m0%  p_event: 398173 n_event: 596[0m
603.964  612.612   557.426
598.341  571.735   607.084
477.681  439.907   519.551
296.671  233.088   379.972
673.705  727.672   568.321
557.718  801.632   330.341
450.963  366.465   549.264
615.022  608.875   589.09
0  0   0
594.774  552.484   634.178
505.657  465.44   551.146
640.109  825.934   429.897
file 14 : /data/pku/home/pengj/testvbs/data/for_analysis/2018_PUJetID/full_run2_2018_PUJetID_WGJJ_version8/210312_072157/0000/treePKU_21.root
LUMI : 59.74
btag value cut :  0.4184
Number of events to be analyzed : 1022
processing : [[32m[0m--------------------------------------------------]  [33m0%  p_event: 405765 n_event: 603[0m
258.358  564.362   101.947
699.69  785.347   560.374
463.215  422.076   506.771
484.681  446.354   527.164
file 15 : /data/pku/home/pengj/testvbs/data/for_analysis/2018_PUJetID/full_run2_2018_PUJetID_WGJJ_version8/210312_072157/0000/treePKU_22.root
LUMI : 59.74
btag value cut :  0.4184
Number of events to be analyzed : 175
processing : [[32m[0m--------------------------------------------------]  [33m0%  p_event: 406963 n_event: 605[0m
560.341  524.049   590.073
617.135  722.928   467.432
585.695  539.379   637.032
file 16 : /data/pku/home/pengj/testvbs/data/for_analysis/2018_PUJetID/full_run2_2018_PUJetID_WGJJ_version8/210312_072157/0000/treePKU_23.root
LUMI : 59.74
btag value cut :  0.4184
Number of events to be analyzed : 3921
processing : [[32m[0m--------------------------------------------------]  [33m0%  p_event: 434136 n_event: 632[0m
611.256  576.994   633.276
568.253  525.406   611.52
627.344  608.927   620.149
526.806  480.02   576.341
635.601  629.248   608.802
415.441  748.181   194.985
302.756  604.612   129.357
486.576  448.656   527.044
530.461  806.751   295.278
640.305  668.601   566.393
0  0   0
594.643  561.312   616.064
599.053  772.958   402.324
427.282  347.221   520.421
570.15  544.797   578.481
0  0   0
448.431  764.112   221.999
484.619  446.852   524.924
630.743  639.774   582.141
290.937  608.789   119.3
521.756  484.657   556.322
619.571  575.518   660.618
464.162  418.228   510.758
457.046  396.681   517.332
636.976  746.17   482.46
508.29  467.436   554.457
223.839  527.471   81.9654
661.126  690.343   584.811
241.417  548.557   91.7858
0  0   0
353.082  279.381   446.992
572.611  529.435   616.209
528.6  487.404   572.562
632.199  660.137   559.223
446.186  410.699   486.325
0  0   0
506.511  468.319   545.077
517.257  476.353   562.594
518.761  481.876   553.129
452.861  729.155   237.373
file 17 : /data/pku/home/pengj/testvbs/data/for_analysis/2018_PUJetID/full_run2_2018_PUJetID_WGJJ_version8/210312_072157/0000/treePKU_24.root
LUMI : 59.74
btag value cut :  0.4184
Number of events to be analyzed : 375
processing : [[32m[0m--------------------------------------------------]  [33m0%  p_event: 436732 n_event: 636[0m
653.632  682.517   578.182
286.03  224.728   366.343
342.978  271.387   434.201
596  551.061   641.38
file 18 : /data/pku/home/pengj/testvbs/data/for_analysis/2018_PUJetID/full_run2_2018_PUJetID_WGJJ_version8/210312_072157/0000/treePKU_25.root
LUMI : 59.74
btag value cut :  0.4184
Number of events to be analyzed : 2379
processing : [[32m[0m--------------------------------------------------]  [33m0%  p_event: 453497 n_event: 670[0m
0  0   0
538.933  500.613   574.637
616.739  756.946   440.385
470.176  423.647   517.376
632.38  683.036   533.46
357.231  282.665   452.245
571.647  539.605   592.24
652.698  662.044   602.405
485.422  447.036   527.97
423.827  344.413   516.212
478.877  439.139   522.728
0  0   0
0  0   0
534.227  812.479   297.374
553.805  796.008   328.024
640.722  669.037   566.762
486.196  447.749   528.812
584.053  940.388   306.138
372.71  298.193   463.962
322.499  674.833   132.242
468.599  433.265   504.278
494.593  454.84   539.516
file 19 : /data/pku/home/pengj/testvbs/data/for_analysis/2018_PUJetID/full_run2_2018_PUJetID_WGJJ_version8/210312_072157/0000/treePKU_26.root
LUMI : 59.74
btag value cut :  0.4184
Number of events to be analyzed : 747
processing : [[32m[0m--------------------------------------------------]  [33m0%  p_event: 458889 n_event: 678[0m
547.868  517.158   567.604
505.504  500.451   484.19
540.547  502.113   576.358
526.314  488.892   561.183
712.18  799.367   570.378
499.504  458.054   545.243
372.231  706.958   166.336
641.976  828.342   431.151
file 20 : /data/pku/home/pengj/testvbs/data/for_analysis/2018_PUJetID/full_run2_2018_PUJetID_WGJJ_version8/210312_072157/0000/treePKU_27.root
LUMI : 59.74
btag value cut :  0.4184
Number of events to be analyzed : 614
processing : [[32m[0m--------------------------------------------------]  [33m0%  p_event: 463085 n_event: 682[0m
518.114  787.974   288.405
515.859  479.18   550.034
487.023  422.698   551.263
file 21 : /data/pku/home/pengj/testvbs/data/for_analysis/2018_PUJetID/full_run2_2018_PUJetID_WGJJ_version8/210312_072157/0000/treePKU_28.root
LUMI : 59.74
btag value cut :  0.4184
Number of events to be analyzed : 1293
processing : [[32m[0m--------------------------------------------------]  [33m0%  p_event: 472279 n_event: 688[0m
352.113  668.75   157.346
461.939  432.021   486.45
408.101  331.634   497.059
721.564  779.364   608.693
483.019  444.196   526.89
570.675  564.971   546.613
138.837  390.349   40.1465
498.018  458.409   542.82
638.461  689.604   538.589
407.861  331.439   496.766
225.581  176.105   292.177
419.964  341.274   511.507
529.974  482.906   579.807
312.887  247.577   396.106
513.121  780.38   285.626
file 22 : /data/pku/home/pengj/testvbs/data/for_analysis/2018_PUJetID/full_run2_2018_PUJetID_WGJJ_version8/210312_072157/0000/treePKU_29.root
LUMI : 59.74
btag value cut :  0.4184
Number of events to be analyzed : 1049
processing : [[32m[0m--------------------------------------------------]  [33m0%  p_event: 480065 n_event: 700[0m
392.423  361.39   426.819
524.536  797.74   291.98
320.958  253.963   406.325
445.74  412.131   479.679
0  0   0
564.716  528.141   594.68
0  0   0
654.675  707.117   552.267
631.402  659.305   558.519
460.7  422.47   502.886
file 23 : /data/pku/home/pengj/testvbs/data/for_analysis/2018_PUJetID/full_run2_2018_PUJetID_WGJJ_version8/210312_072157/0000/treePKU_3.root
LUMI : 59.74
btag value cut :  0.4184
Number of events to be analyzed : 682
processing : [[32m[0m--------------------------------------------------]  [33m0%  p_event: 484858 n_event: 707[0m
619.493  601.307   612.389
500.792  460.961   545.843
738.537  797.698   623.011
485.088  448.511   522.022
512.284  507.164   490.684
file 24 : /data/pku/home/pengj/testvbs/data/for_analysis/2018_PUJetID/full_run2_2018_PUJetID_WGJJ_version8/210312_072157/0000/treePKU_30.root
LUMI : 59.74
btag value cut :  0.4184
Number of events to be analyzed : 1456
processing : [[32m[0m--------------------------------------------------]  [33m0%  p_event: 495440 n_event: 724[0m
340.456  712.408   139.605
601.076  627.639   531.693
646.942  698.765   545.744
515.795  437.382   597.169
468.143  429.296   511.01
649.774  797.49   463.973
file 25 : /data/pku/home/pengj/testvbs/data/for_analysis/2018_PUJetID/full_run2_2018_PUJetID_WGJJ_version8/210312_072157/0000/treePKU_31.root
LUMI : 59.74
btag value cut :  0.4184
Number of events to be analyzed : 1014
processing : [[32m[0m--------------------------------------------------]  [33m0%  p_event: 502428 n_event: 735[0m
415.746  332.624   517.534
646.022  697.771   544.968
428.163  354.909   508.544
145.689  394.045   44.5385
498.367  460.789   536.313
597.173  563.7   618.685
459.912  399.168   520.576
463.711  422.528   507.314
523.627  500.344   531.279
334.829  264.939   423.884
413.986  343.158   491.705
337.238  673.473   144.09
542.754  780.124   321.478
659.64  669.085   608.812
643.938  754.327   487.734
file 26 : /data/pku/home/pengj/testvbs/data/for_analysis/2018_PUJetID/full_run2_2018_PUJetID_WGJJ_version8/210312_072157/0000/treePKU_32.root
LUMI : 59.74
btag value cut :  0.4184
Number of events to be analyzed : 2033
processing : [[32m[0m--------------------------------------------------]  [33m0%  p_event: 517012 n_event: 751[0m
530.509  496.149   558.658
461.886  423.558   504.18
323.981  254.545   414.95
556.589  525.391   576.639
416.551  383.07   454.386
610.795  788.11   410.21
343.967  272.169   435.453
0  0   0
690.829  746.167   582.766
484.901  447.111   525.229
575.293  558.404   568.695
552.806  647.572   418.709
470.34  433.147   511.566
576.332  539.004   606.912
458.744  426.126   489.136
608.42  602.338   582.766
file 27 : /data/pku/home/pengj/testvbs/data/for_analysis/2018_PUJetID/full_run2_2018_PUJetID_WGJJ_version8/210312_072157/0000/treePKU_33.root
LUMI : 59.74
btag value cut :  0.4184
Number of events to be analyzed : 1191
processing : [[32m[0m--------------------------------------------------]  [33m0%  p_event: 525199 n_event: 764[0m
411.209  328.994   511.886
607.24  580.239   616.113
553.194  841.326   307.932
651.766  703.975   549.813
542.844  780.254   321.532
484.191  445.681   527.748
431.808  777.656   202.667
456.015  410.887   501.793
530.673  490.66   571.079
370.636  341.158   403.978
465.922  428.473   508.241
file 28 : /data/pku/home/pengj/testvbs/data/for_analysis/2018_PUJetID/full_run2_2018_PUJetID_WGJJ_version8/210312_072157/0000/treePKU_34.root
LUMI : 59.74
btag value cut :  0.4184
Number of events to be analyzed : 507
processing : [[32m[0m--------------------------------------------------]  [33m0%  p_event: 528795 n_event: 768[0m
680.083  660.118   672.284
262.266  572.897   103.488
467.208  425.714   511.139
663.845  634.326   673.545
0  0   0
386.343  695.778   181.328
file 29 : /data/pku/home/pengj/testvbs/data/for_analysis/2018_PUJetID/full_run2_2018_PUJetID_WGJJ_version8/210312_072157/0000/treePKU_35.root
LUMI : 59.74
btag value cut :  0.4184
Number of events to be analyzed : 2600
processing : [[32m[0m--------------------------------------------------]  [33m0%  p_event: 546965 n_event: 797[0m
464.178  427.26   505.935
112.563  363.44   27.0039
396.239  364.724   431.884
484.867  436.883   533.541
719.726  751.532   636.647
534.732  492.447   581.602
289.978  606.782   118.906
506.472  467.002   548.595
705.482  865.862   503.752
567.273  535.475   587.707
482.491  468.327   476.958
598.472  555.918   638.12
480.318  773.364   251.764
316.744  248.86   405.681
603.233  867.052   357.3
675.828  829.467   482.577
638.002  647.137   588.841
498.599  758.294   277.542
654.14  802.849   467.091
484.887  420.844   548.845
613.671  753.18   438.194
724.043  1101.16   403.034
file 30 : /data/pku/home/pengj/testvbs/data/for_analysis/2018_PUJetID/full_run2_2018_PUJetID_WGJJ_version8/210312_072157/0000/treePKU_36.root
LUMI : 59.74
btag value cut :  0.4184
Number of events to be analyzed : 874
processing : [[32m[0m--------------------------------------------------]  [33m0%  p_event: 552949 n_event: 813[0m
528.935  487.713   572.925
599.404  565.806   620.996
502.899  764.834   279.936
640.682  668.995   566.727
672.282  825.114   480.045
430.686  733.874   213.214
file 31 : /data/pku/home/pengj/testvbs/data/for_analysis/2018_PUJetID/full_run2_2018_PUJetID_WGJJ_version8/210312_072157/0000/treePKU_4.root
LUMI : 59.74
btag value cut :  0.4184
Number of events to be analyzed : 1649
processing : [[32m[0m--------------------------------------------------]  [33m0%  p_event: 564933 n_event: 829[0m
679.984  710.034   601.492
458.939  738.941   240.558
668.08  677.646   616.601
556.836  800.364   329.819
0  0   0
547.811  523.452   555.816
599.144  607.723   552.977
547.762  508.815   584.051
469.187  427.518   513.305
709.324  766.144   598.368
393.756  362.108   429.52
393.153  746.694   175.685
602.744  596.719   577.329
354.372  673.04   158.355
file 32 : /data/pku/home/pengj/testvbs/data/for_analysis/2018_PUJetID/full_run2_2018_PUJetID_WGJJ_version8/210312_072157/0000/treePKU_5.root
LUMI : 59.74
btag value cut :  0.4184
Number of events to be analyzed : 1664
processing : [[32m[0m--------------------------------------------------]  [33m0%  p_event: 576719 n_event: 841[0m
466.052  428.592   508.382
643.794  754.157   487.625
571.922  920.856   299.78
635.939  629.583   609.125
394.323  320.438   480.277
97.4555  331.887   21.885
592.674  851.876   351.046
652.418  764.26   494.157
613.295  622.076   566.038
470.19  431.173   513.245
103.16  333.08   24.7482
525.278  501.921   532.954
658.803  711.576   555.749
718.132  728.414   662.797
725.951  718.695   695.342
515.674  479.008   549.837
453.29  408.432   498.794
193.836  472.731   68.2287
468.537  430.878   511.094
0  0   0
482.415  444.819   522.536
file 33 : /data/pku/home/pengj/testvbs/data/for_analysis/2018_PUJetID/full_run2_2018_PUJetID_WGJJ_version8/210312_072157/0000/treePKU_6.root
LUMI : 59.74
btag value cut :  0.4184
Number of events to be analyzed : 5911
processing : [[32m[0m--------------------------------------------------]  [33m0%  p_event: 617653 n_event: 904[0m
454.767  732.225   238.372
596.618  563.175   618.109
486.531  447.835   530.299
584.993  795.8   369.014
678.684  795.028   514.051
570.469  533.521   600.738
588.787  582.902   563.961
597.202  579.671   590.354
688.253  681.374   659.233
483.44  778.391   253.401
786.718  883.03   630.074
561.042  524.705   590.81
725.151  717.903   694.576
394.482  315.611   491.064
483.941  436.049   532.522
489.618  450.265   534.089
743.739  834.789   595.653
670.886  753.018   537.306
0  0   0
466.308  429.967   505.09
625.293  606.937   618.122
399.544  324.681   486.637
616.117  588.72   625.119
581.946  836.456   344.692
495.808  451.775   542.429
544.31  509.057   573.191
413.51  330.835   514.751
556.114  520.096   585.621
144.387  364.141   48.6952
716.025  773.381   604.02
546.913  516.257   566.615
498.834  459.159   543.709
479.822  442.428   519.728
648.464  882.143   409.051
524.914  485.335   564.882
643.642  722.438   515.486
484.563  420.563   548.478
630.234  857.344   397.552
file 34 : /data/pku/home/pengj/testvbs/data/for_analysis/2018_PUJetID/full_run2_2018_PUJetID_WGJJ_version8/210312_072157/0000/treePKU_7.root
LUMI : 59.74
btag value cut :  0.4184
Number of events to be analyzed : 6194
processing : [[32m[0m--------------------------------------------------]  [33m0%  p_event: 661992 n_event: 962[0m
474.802  412.091   537.43
484.924  420.876   548.887
406.751  732.532   190.907
612.853  606.727   587.012
0  0   0
460.56  423.542   502.391
706.127  674.728   716.444
0  0   0
683.838  801.067   517.955
186.28  469.793   62.8237
549.182  507.772   590.997
246.236  192.23   318.93
636.195  780.824   454.277
456.977  420.247   498.483
637.694  916.585   377.712
612.589  606.466   586.76
537.603  495.706   582.314
597.349  563.866   618.867
640.108  668.395   566.219
0  0   0
383.355  306.709   477.213
609.817  603.722   584.105
640.07  718.428   512.625
333.645  666.298   142.555
399.406  316.036   505.637
459.795  407.518   511.581
544.496  509.231   573.387
650.725  762.277   492.875
460.42  422.213   502.58
527.449  489.946   562.393
658.144  738.715   527.101
475.906  413.05   538.68
684.656  664.557   676.804
677.196  831.146   483.554
647.282  758.244   490.267
487.568  450.805   524.692
466.32  420.172   513.133
473.678  435.605   516.701
653.178  646.649   625.637
298.833  234.787   382.74
680.238  689.978   627.822
558.884  527.557   579.017
512.144  473.527   551.139
458.833  413.426   504.894
566.267  813.92   335.405
0  0   0
483.455  445.224   525.83
453.27  393.403   513.058
520.545  479.977   563.838
499.524  759.702   278.057
674.071  756.593   539.857
481.11  443.064   523.279
413.373  342.65   490.978
437.002  362.236   519.043
0  0   0
484.436  436.495   533.067
287.934  226.224   368.782
566.233  534.494   586.631
504.286  463.754   550.09
489.985  788.928   256.831
file 35 : /data/pku/home/pengj/testvbs/data/for_analysis/2018_PUJetID/full_run2_2018_PUJetID_WGJJ_version8/210312_072157/0000/treePKU_8.root
LUMI : 59.74
btag value cut :  0.4184
Number of events to be analyzed : 781
processing : [[32m[0m--------------------------------------------------]  [33m0%  p_event: 667585 n_event: 969[0m
556.229  520.204   585.743
735.497  768   650.597
583.306  566.182   576.617
550.983  526.483   559.034
472.484  425.726   519.915
458.641  420.582   500.639
file 36 : /data/pku/home/pengj/testvbs/data/for_analysis/2018_PUJetID/full_run2_2018_PUJetID_WGJJ_version8/210312_072157/0000/treePKU_9.root
LUMI : 59.74
btag value cut :  0.4184
Number of events to be analyzed : 1444
processing : [[32m[0m--------------------------------------------------]  [33m0%  p_event: 677570 n_event: 982[0m
705.336  865.684   503.648
558.563  759.846   352.342
676.728  669.964   648.195
449.063  413.347   489.46
508.553  463.388   556.373
495.026  455.238   539.988
0  0   0
212.769  501.386   77.9119
603.891  821.508   380.935
549.309  510.251   585.7
590.005  761.284   396.247
453.904  418.53   491.655
321.134  641.312   137.209
117.47  360.816   30.066
401.131  761.847   179.25
644.843  673.34   570.407
583.55  550.84   604.571
437.467  401.165   477.525
572.269  546.823   580.631
585.587  841.689   346.848
0  0   0
677570 982
hist_
hist_pileup_up
hist_pileup_down
hist_L1_up
hist_L1_down
hist_photon_ID_up
hist_photon_ID_down
hist_electron_ID_up
hist_electron_ID_down
hist_electron_Reco_up
hist_electron_Reco_down
hist_electron_HLT_up
hist_electron_HLT_down
hist_muon_ID_up
hist_muon_ID_down
hist_muon_iso_up
hist_muon_iso_down
hist_muon_HLT_up
hist_muon_HLT_down
hist_fakephoton_up
hist_fakephoton_down
hist_btag_up
hist_btag_down
hist_pujet_up
hist_pujet_down
hist_pujet_mistag_up
hist_pujet_mistag_down
hist_fakelepton_up
hist_fakelepton_down


time start : 2021-04-27 17:16:02
time end   : 2021-04-27 17:16:39
