WARNING: Release CMSSW_9_3_4 is not available for architecture slc6_amd64_gcc700.
         Developer's area is created for available architecture slc6_amd64_gcc630.
[34myear             : 2018[0m
[34mregion           : signal region[0m
[34mchannel          : electron channel[0m
[34mbarrel_or_endcap : barrel[0m
[34mtype             : mc[0m
[34msample           : WGJJ[0m
[34mbtag workpoint   : medium[0m
[34mpujet workpoint   : T[0m
[34minput file list  : filelist_dir3/tight_for_analysis_WGJJ.txt[0m
[34moutput file      : test_unfolding1/2018_electron_mc_signal_barrel_WGJJ.root[0m

start load Btag info!
Btag info has been loaded!
hist_
hist_pileup_up
hist_pileup_down
hist_L1_up
hist_L1_down
hist_photon_ID_up
hist_photon_ID_down
hist_electron_ID_up
hist_electron_ID_down
hist_electron_Reco_up
hist_electron_Reco_down
hist_electron_HLT_up
hist_electron_HLT_down
hist_muon_ID_up
hist_muon_ID_down
hist_muon_iso_up
hist_muon_iso_down
hist_muon_HLT_up
hist_muon_HLT_down
hist_fakephoton_up
hist_fakephoton_down
hist_btag_up
hist_btag_down
hist_pujet_up
hist_pujet_down
hist_pujet_mistag_up
hist_pujet_mistag_down
hist_fakelepton_up
hist_fakelepton_down
file 1 : /data/pku/home/pengj/testvbs/data/for_analysis/2018_PUJetID/full_run2_2018_PUJetID_WGJJ_version8/210312_072157/0000/treePKU_1.root
LUMI : 59.74
btag value cut :  0.4184
Number of events to be analyzed : 2013
processing : [[32m[0m--------------------------------------------------]  [33m0%  p_event: 13984 n_event: 15[0m
491.817  464.249   509.533
0  0   0
650.118  643.62   622.706
509.765  470.038   552.161
526.964  487.23   567.087
467.954  430.736   510.051
541.084  510.755   560.575
597.021  858.124   353.621
707.639  717.771   653.112
543.182  826.098   302.359
260.565  592.066   99.0657
527.593  849.481   276.544
286.889  224.471   370.09
706.057  737.26   624.556
603.036  778.098   404.999
489.917  449.263   534.778
522.189  480.657   569.165
622.759  575.802   670.176
403.821  328.156   491.846
655.104  767.406   496.191
565.563  548.96   559.077
514.751  782.859   286.533
683.133  692.915   630.495
588.914  555.904   610.129
631.841  640.888   583.155
699.567  692.575   670.07
477.389  414.337   540.358
474.269  432.149   518.865
555.906  799.028   329.268
487.695  444.382   533.553
515.686  469.887   564.176
647.088  794.193   462.055
0  0   0
573.765  824.698   339.847
440.569  793.435   206.779
633.154  626.825   606.457
455.08  414.663   497.871
498.571  459.144   542.271
486.673  431.339   541.486
274.554  599.741   108.338
148.865  119.584   189.333
293.194  613.512   120.225
434.909  741.071   215.304
340.49  580.183   168.561
456.629  778.08   226.057
632.774  614.198   625.517
533.48  491.904   577.848
446.736  413.051   480.75
602.489  584.802   595.58
516.232  448.049   584.325
486.848  783.877   255.187
file 2 : /data/pku/home/pengj/testvbs/data/for_analysis/2018_PUJetID/full_run2_2018_PUJetID_WGJJ_version8/210312_072157/0000/treePKU_10.root
LUMI : 59.74
btag value cut :  0.4184
Number of events to be analyzed : 2634
processing : [[32m[0m--------------------------------------------------]  [33m0%  p_event: 32356 n_event: 42[0m
323.444  645.927   138.196
471.24  424.605   518.546
642.023  635.606   614.953
485.137  446.143   529.201
622.209  763.658   444.29
439.248  381.233   497.186
344.414  687.804   147.156
652.249  732.099   522.38
644.375  608.255   667.587
579.127  546.666   599.989
453.613  408.723   499.15
487.269  448.736   529.978
463.011  430.09   493.686
491.319  450.548   536.308
-616.863  -839.155   -389.118
662.228  715.275   558.638
512.945  474.268   552.001
460.721  408.339   512.612
593.703  555.251   625.205
0  0   0
368.595  326.687   410.11
679.631  834.134   485.293
466.622  429.723   507.522
466.909  428.164   509.664
0  0   0
653.233  624.186   662.778
702.502  758.776   592.613
515.64  474.195   562.475
658.23  738.812   527.17
542.66  512.243   562.208
544.676  505.948   580.761
277.207  216.895   357.6
225.171  175.785   291.646
643.862  790.234   459.752
611.338  593.391   604.327
595.594  578.109   588.764
535.294  474.433   595.584
654.356  625.26   663.918
362.695  724.311   154.967
547.903  508.945   584.202
684.364  839.943   488.672
511.187  472.643   550.109
0  0   0
493.16  454.727   534.176
481.936  439.135   527.253
537.187  816.98   299.022
548.755  834.575   305.461
606.118  588.325   599.167
587.441  799.131   370.558
638.402  716.556   511.289
653.581  662.939   603.22
622.881  764.483   444.77
407.255  330.946   496.028
694.606  687.663   665.318
423.978  805.24   189.46
482.313  442.29   526.478
623.101  595.394   632.206
672.511  682.14   620.691
file 3 : /data/pku/home/pengj/testvbs/data/for_analysis/2018_PUJetID/full_run2_2018_PUJetID_WGJJ_version8/210312_072157/0000/treePKU_11.root
LUMI : 59.74
btag value cut :  0.4184
Number of events to be analyzed : 3350
processing : [[32m[0m--------------------------------------------------]  [33m0%  p_event: 55913 n_event: 83[0m
611.812  572.187   644.275
545.712  510.367   574.667
696.582  706.556   642.907
417.84  384.798   454.464
569.318  818.306   337.212
665.835  747.348   533.26
550.555  514.897   579.768
665.772  659.118   637.701
572.529  547.071   580.895
452.705  383.883   524.125
0  0   0
658.277  687.367   582.291
502.372  457.756   549.61
499.594  461.923   537.633
539.222  695.759   362.141
535.529  500.844   563.944
643.294  694.825   542.667
516.453  479.732   550.668
475.667  428.594   523.418
647.991  836.103   435.19
598.215  813.787   377.355
740.549  867.499   560.91
524.574  483.693   568.203
529.604  477.193   582.77
318.81  605.5   142.464
646.138  639.679   618.893
461.843  427.019   497.008
593.348  566.964   602.018
465.466  419.402   512.192
574.692  542.479   595.394
484.323  446.578   524.603
648.561  727.959   519.426
709.835  719.998   655.139
670.684  752.791   537.144
627.358  769.978   447.967
564.05  538.969   572.292
644.219  637.78   617.056
629.188  656.993   556.56
0  0   0
489.581  450.642   533.623
528.089  490.541   563.075
506.405  466.939   548.522
640.112  611.648   649.465
688.335  806.334   521.361
491.672  453.355   532.564
248.906  565.574   94.633
658.235  710.963   555.27
633.922  592.864   667.558
407.194  330.897   495.955
407.602  331.228   496.451
772.479  834.358   651.644
452.792  771.543   224.157
433.94  739.418   214.824
509.948  471.497   548.776
703.244  863.116   502.154
498.21  456.867   543.83
487.454  448.274   531.728
634.27  643.351   585.396
465.272  419.228   511.979
205.834  160.604   267.136
626.921  734.393   474.845
582.4  556.502   590.909
731.751  764.089   647.284
460.828  415.223   507.089
511.193  460.604   562.51
593.367  765.622   398.505
181.16  456.881   61.097
583.614  557.663   592.142
726.201  815.104   581.607
459.371  389.536   531.844
354.359  707.665   151.405
525.877  510.439   519.847
297.065  621.611   121.812
485.882  447.237   529.592
541.685  500.841   582.929
548.079  505.365   593.662
0  0   0
491.486  452.62   534.566
475.449  810.149   235.374
529.456  491.81   564.532
408.465  331.93   497.502
512.372  475.941   546.317
402.64  369.228   439.509
595.092  577.622   588.268
214.738  167.552   278.693
670.778  680.382   619.092
451.888  374.575   536.723
144.526  118.506   179.936
480.867  442.216   524.543
333.569  666.145   142.522
667.444  749.154   534.549
752.61  785.87   665.735
696.08  706.046   642.444
626.793  620.528   600.365
file 4 : /data/pku/home/pengj/testvbs/data/for_analysis/2018_PUJetID/full_run2_2018_PUJetID_WGJJ_version8/210312_072157/0000/treePKU_12.root
LUMI : 59.74
btag value cut :  0.4184
Number of events to be analyzed : 6714
processing : [[32m[0m--------------------------------------------------]  [33m0%  p_event: 103238 n_event: 155[0m
619.641  601.451   612.535
527.944  493.751   555.957
364.424  291.563   453.647
518.294  477.902   561.4
548.524  504.897   597.869
668.523  698.067   591.355
569.005  817.855   337.027
489.531  446.055   535.562
468.444  754.245   245.541
535.322  487.779   585.658
479.921  440.096   523.867
549.501  513.912   578.658
570.898  538.897   591.463
421.817  391.824   449.762
228.934  539.477   83.8311
611.781  605.666   585.986
633.329  861.555   399.505
652.178  841.506   438.003
667.151  720.593   562.792
479.105  436.555   524.155
556.193  799.44   329.438
621.179  614.97   594.987
155.911  421.693   47.6636
620.133  592.558   629.195
402.746  764.915   179.972
634.23  627.891   607.488
594.634  767.257   399.356
486.666  447.959   530.446
441.595  752.462   218.614
316.417  250.37   400.576
463.482  422.32   507.063
653.019  705.329   550.871
530.773  489.409   574.917
584.419  558.432   592.958
691.265  891.94   464.253
0  0   0
475.142  435.714   518.65
508.555  480.049   526.874
479.004  441.125   520.989
693.297  812.147   525.12
261.024  204.233   336.724
368.45  294.784   458.659
443.396  360.316   540.047
482.996  444.581   526.446
321.806  702.958   126.983
456.307  420.746   494.258
613.089  606.961   587.239
481.702  443.61   523.923
483.948  445.678   526.366
476.815  439.109   518.608
387.042  356.435   420.966
485.184  421.102   549.181
468.569  397.335   542.492
540.639  822.231   300.944
495.73  439.367   551.563
560.886  518.594   603.592
463.439  392.985   536.552
530.797  501.045   549.918
467.892  396.761   541.709
512.572  779.545   285.32
477.862  440.074   519.747
608.144  784.688   408.429
514.706  446.725   582.598
419.089  714.113   207.472
655.181  767.497   496.25
527.934  488.127   568.131
686.772  842.898   490.392
587.386  561.268   595.969
579.013  787.665   365.242
443.768  376.304   513.778
633.229  777.184   452.16
675.831  669.076   647.335
662.234  625.113   686.089
447.697  413.94   481.785
804.322  902.789   644.173
642.062  873.434   405.013
467.868  753.318   245.239
617.199  839.612   389.33
665.962  646.411   658.324
241.697  549.192   91.892
640.891  719.35   513.283
534.012  767.558   316.3
623.951  605.634   616.796
667.406  819.131   476.564
474.123  436.015   517.186
651.539  645.027   624.067
513.531  781.004   285.854
355.108  674.438   158.684
685.255  715.538   606.155
556.728  525.522   576.783
542.81  501.882   584.14
645.732  654.978   595.976
584.927  547.043   615.963
599.839  582.23   592.96
696.783  727.575   616.352
441.323  751.999   218.479
589.66  847.544   349.261
516.652  475.56   563.129
0  0   0
612.664  572.984   645.172
789.186  852.403   665.737
579.741  788.655   365.701
501.408  486.688   495.658
659.876  851.438   443.172
565.861  534.143   586.245
495.197  457.858   532.901
715.848  878.584   511.154
443.45  411.92   472.829
484.266  445.75   527.83
662.138  671.619   611.117
488.127  664.027   307.911
392.847  707.49   184.38
630.04  812.941   423.135
450.485  366.077   548.682
678.525  761.592   543.424
607.06  600.992   581.464
0  0   0
551.518  509.933   593.511
668.841  698.398   591.635
552.405  509.354   598.347
412.335  341.79   489.745
604.962  578.062   613.802
694.372  687.432   665.095
626.343  808.171   420.652
229.056  500.353   90.3841
384.162  307.354   478.217
527.97  486.824   571.881
394.033  320.202   479.924
473.733  411.163   536.22
184.576  465.496   62.2491
761.335  854.54   609.746
file 5 : /data/pku/home/pengj/testvbs/data/for_analysis/2018_PUJetID/full_run2_2018_PUJetID_WGJJ_version8/210312_072157/0000/treePKU_13.root
LUMI : 59.74
btag value cut :  0.4184
Number of events to be analyzed : 2662
processing : [[32m[0m--------------------------------------------------]  [33m0%  p_event: 121814 n_event: 177[0m
492.512  417.638   570.213
626.178  585.623   659.403
367.281  293.849   457.204
644.067  637.63   616.91
473.943  411.345   536.457
649.477  701.503   547.882
662.055  854.25   444.636
627.706  677.988   529.517
594.978  556.443   626.547
548.58  507.216   590.349
204.781  482.563   74.987
621.69  763.021   443.92
501.906  460.257   547.865
229.516  540.849   84.0443
403.271  322.643   502.005
588.478  555.492   609.677
683.747  738.518   576.792
596.836  579.315   589.991
399.898  319.945   497.807
663.9  657.264   635.907
468.969  431.275   511.564
548.928  507.538   590.723
0  0   0
700.008  730.943   619.205
492.54  443.797   541.985
514.134  471.47   561.213
637.154  866.758   401.917
702.309  822.704   531.946
596.837  579.315   589.992
182.644  460.624   61.5976
613.254  585.985   622.215
595.444  556.879   627.038
469.801  456.01   464.414
610.403  830.366   385.042
519.774  480.582   559.35
669.085  821.191   477.762
448.17  380.037   518.875
518.654  481.776   553.014
650.478  839.312   436.861
516.947  476.068   562.258
583.941  557.976   592.474
260.841  592.692   99.1705
649.518  678.222   574.543
623.47  605.167   616.32
506.803  484.268   514.209
592.709  806.297   373.881
516.767  476.494   559.746
458.628  417.897   501.753
688.012  743.125   580.389
495.715  451.69   542.328
644.804  673.299   570.373
499.724  460.779   541.285
462.667  424.274   505.033
408.944  621.943   227.636
546.162  502.264   595.769
file 6 : /data/pku/home/pengj/testvbs/data/for_analysis/2018_PUJetID/full_run2_2018_PUJetID_WGJJ_version8/210312_072157/0000/treePKU_14.root
LUMI : 59.74
btag value cut :  0.4184
Number of events to be analyzed : 1042
processing : [[32m[0m--------------------------------------------------]  [33m0%  p_event: 129205 n_event: 186[0m
501.355  462.283   543.052
480.509  442.512   522.627
515.773  492.838   523.309
443.362  375.96   513.308
633.094  661.071   560.015
286.011  223.784   368.958
480.758  442.741   522.897
485.765  782.134   254.62
202.833  494.674   71.3958
582.45  544.727   613.355
762.171  892.828   577.286
0  0   0
649.039  760.302   491.598
622.842  895.238   368.915
484.094  436.187   532.691
449.414  381.092   520.316
593.92  766.335   398.876
663.07  656.442   635.112
505.195  438.47   571.832
489.802  451.631   530.538
292.591  639.14   115.455
file 7 : /data/pku/home/pengj/testvbs/data/for_analysis/2018_PUJetID/full_run2_2018_PUJetID_WGJJ_version8/210312_072157/0000/treePKU_15.root
LUMI : 59.74
btag value cut :  0.4184
Number of events to be analyzed : 9881
processing : [[32m[0m--------------------------------------------------]  [33m0%  p_event: 198902 n_event: 282[0m
445.725  759.5   220.659
296.606  620.652   121.624
602.844  576.037   611.652
567.087  535.3   587.515
270.587  591.075   106.772
644.672  625.746   637.279
528.567  494.333   556.613
94.5802  322.095   21.2393
359.551  287.665   447.582
541.625  634.475   410.24
385.31  308.273   479.647
391.18  312.97   486.954
471.634  434.123   514.062
468.964  388.73   557.005
460.309  374.06   560.647
508.54  466.34   555.106
275.662  602.162   108.775
545.538  784.126   323.127
514.75  473.81   561.057
371.554  705.672   166.033
591.527  850.227   350.367
524.621  485.064   564.566
507.534  467.399   552.02
0  0   0
129.383  379.487   35.2526
599.795  773.916   402.822
249.074  565.954   94.6967
464.88  412.025   517.239
492.799  444.031   542.27
453.785  773.235   224.649
471.438  433.546   514.258
475.923  421.812   529.526
589.899  551.692   621.199
515.734  479.063   549.901
527.405  480.566   576.997
0  0   0
607.813  589.969   600.842
452.638  771.279   224.081
675.96  685.639   623.875
354.231  672.772   158.292
706.797  793.325   566.067
0  0   0
497.001  458.269   538.336
0  0   0
0  0   0
683.081  713.268   604.232
0  0   0
553.679  522.643   573.624
705.023  715.118   650.698
615.035  608.888   589.102
618.238  612.059   592.17
110.464  323.997   30.0978
547.505  516.815   567.227
462.6  424.213   504.96
579.204  546.738   600.069
489.083  450.968   529.76
559.312  519.543   596.366
665.635  779.742   504.167
0  0   0
373.631  343.6   407.567
469.355  415.99   522.218
676.799  686.49   624.649
543.418  508.223   572.252
402.709  725.252   189.009
636.685  781.425   454.627
445.536  410.1   485.616
242.729  189.919   313.123
570.592  538.609   591.147
484.464  445.932   528.046
659.039  711.831   555.948
202.899  158.799   263.224
456.575  387.164   528.606
461.542  423.243   503.805
460.128  423.532   501.521
666.662  637.018   676.403
479.264  771.667   251.212
614.606  608.463   588.691
678.621  794.955   514.004
444.206  368.208   527.599
326.693  256.676   418.424
399.345  353.941   444.323
587.247  561.134   595.827
685.338  802.823   519.091
545.78  503.246   591.172
272.324  213.075   351.301
453.951  376.286   539.174
573.609  780.314   361.833
710.785  832.633   538.365
586.368  553.5   607.491
516.091  477.177   555.386
638.703  610.302   648.035
675.675  705.535   597.681
446.017  759.998   220.803
534.961  496.924   570.402
281.015  533.718   125.575
630.221  639.245   581.659
504.165  466.15   542.552
326.67  258.483   413.555
463.356  426.113   505.442
541.939  506.839   570.694
654.851  890.832   413.08
392.974  746.355   175.605
524.776  465.111   583.882
501.732  444.687   558.242
466.381  428.895   508.741
685.033  802.466   518.86
407.309  325.874   507.031
368.78  336.029   403.457
711.048  768.006   599.822
535.107  497.059   570.558
698.987  754.979   589.648
553.928  514.542   590.626
0  0   0
248.039  563.603   94.3032
711.498  873.246   508.048
534.034  812.186   297.267
658.427  711.17   555.432
620.578  602.36   613.461
443.043  754.93   219.331
621.831  802.349   417.622
365.569  292.479   455.073
440.122  364.822   522.748
473.964  434.633   517.364
611.553  584.359   620.489
473.094  419.305   526.378
428.188  354.93   508.574
636.84  601.143   659.78
611.497  929.995   340.386
647.273  618.491   656.731
456.999  371.37   556.616
601.737  584.072   594.837
549.326  507.905   591.151
593.752  576.321   586.943
511.963  471.478   556.837
591.452  558.299   612.758
0  0   0
375.508  300.431   467.444
464.319  423.083   507.979
698.848  818.649   529.324
662.614  813.249   473.142
654.206  647.667   626.622
468.216  406.375   529.976
464.078  459.44   444.511
665.893  646.345   658.257
559.876  528.494   580.045
546.829  880.455   286.627
506.132  465.451   552.102
470.204  431.186   513.26
460.558  784.775   228.002
563.965  523.865   601.328
537.854  513.937   545.713
658.894  688.012   582.837
590.901  803.837   372.741
640.125  621.333   632.784
604.832  577.938   613.67
290.795  608.491   119.241
526.464  489.031   561.342
158.442  127.277   201.514
399.973  368.162   435.955
665.85  747.365   533.272
575.59  543.326   596.324
477.023  434.658   521.877
614.66  793.096   412.805
646.289  879.185   407.68
457.057  405.09   508.534
585.516  559.48   594.072
486.022  448.145   526.443
299.544  235.346   383.652
622.584  764.119   444.558
595.517  562.137   616.97
480.033  390.088   584.67
547.552  516.861   567.277
631.693  859.328   398.472
715.964  838.699   542.288
650.734  702.861   548.943
723.423  755.393   639.917
606.046  781.982   407.021
418.065  794.009   186.817
708.698  740.017   626.892
509.356  469.661   551.718
656.309  708.882   553.645
502.126  462.189   547.297
413.485  336.009   503.616
627.722  655.463   555.263
386.827  309.487   481.536
699.869  709.89   645.941
729.386  854.422   552.454
712.742  722.948   657.822
485.03  429.884   539.659
536.385  475.399   596.797
465.679  386.007   553.103
637.793  782.785   455.418
465.318  412.413   517.727
593.734  567.332   602.409
303.808  240.393   384.613
545.215  506.448   581.335
400.848  721.901   188.136
401.285  367.986   438.03
465.207  403.764   526.57
701.381  757.564   591.667
692.859  702.78   639.471
586.419  842.885   347.341
491.828  448.148   538.074
466.147  708.94   259.478
491.08  447.467   537.257
439.273  748.506   217.465
395.158  750.502   176.581
485.823  738.863   270.43
588.942  562.754   597.548
452.327  383.562   523.688
632.159  815.675   424.558
387.4  697.681   181.824
625.674  732.931   473.9
731.503  684.125   770.316
file 8 : /data/pku/home/pengj/testvbs/data/for_analysis/2018_PUJetID/full_run2_2018_PUJetID_WGJJ_version8/210312_072157/0000/treePKU_16.root
LUMI : 59.74
btag value cut :  0.4184
Number of events to be analyzed : 5651
processing : [[32m[0m--------------------------------------------------]  [33m0%  p_event: 239236 n_event: 343[0m
660.486  852.226   443.582
649.422  797.058   463.722
576.635  530.287   629.009
0  0   0
598.141  606.706   552.052
481.666  442.952   525.415
568.18  816.67   336.538
400.181  681.895   198.112
694.102  749.703   585.527
145.913  410.243   42.1925
588.155  555.187   609.342
613.782  579.377   635.892
436.448  378.803   494.017
656.735  806.033   468.944
545.911  784.662   323.348
575.417  543.163   596.145
664.919  857.946   446.559
754.976  788.34   667.828
600.538  566.876   622.171
591.738  850.53   350.492
730.862  741.327   674.546
693.3  703.227   639.878
491.211  416.535   568.706
493.356  428.195   558.432
303.089  238.131   388.192
588.454  550.341   619.677
437.761  745.93   216.716
554.642  797.211   328.52
572.592  531.879   610.526
554.031  514.638   590.736
519.651  473.5   568.513
615.835  609.68   589.869
338.368  675.73   144.573
629.948  812.823   423.073
655.419  648.868   627.783
490.296  449.61   535.192
684.772  715.033   605.727
428.207  729.65   211.986
0  0   0
374.738  304.522   456.423
451.395  686.505   251.266
552.453  794.065   327.223
430.091  774.565   201.861
0  0   0
504.106  471.456   530.854
622.445  803.141   418.034
434.386  740.178   215.045
529.801  495.487   557.912
499.921  458.437   545.698
620.018  800.009   416.404
637.866  782.874   455.47
492.797  453.827   535.991
450.651  414.429   491.582
622.98  631.9   574.976
645.069  654.305   595.363
467.2  396.174   540.907
465.373  419.318   512.09
632.657  604.525   641.902
566.846  550.206   560.346
494.812  450.867   541.339
181.831  443.452   64.0029
558.083  521.937   587.695
389.225  311.405   484.52
0  0   0
329.635  258.987   422.191
545.053  668.962   389.197
482.331  443.563   526.14
488.562  448.02   533.299
633.347  627.016   606.642
535.577  500.889   563.995
590.127  761.441   396.329
348.302  661.513   155.643
520.504  481.257   560.136
295.769  618.9   121.281
588.368  562.206   596.965
569.016  532.162   599.207
497.674  458.889   539.065
290.653  608.194   119.183
436.647  361.941   518.621
662.26  743.335   530.397
0  0   0
600.501  582.872   593.614
466.216  420.079   513.019
519.802  451.147   588.365
537.944  503.103   566.488
525.8  456.353   595.155
356.363  676.821   159.245
447.649  379.595   518.272
735.266  825.279   588.867
604.774  587.02   597.839
447.723  412.318   486.966
296.436  232.904   379.671
596.36  562.932   617.842
300.217  655.798   118.464
510.026  452.037   567.47
268.753  210.281   346.694
564.434  532.796   584.766
0  0   0
351.404  667.403   157.029
531.202  807.879   295.691
584.133  551.391   605.176
702.708  758.998   592.787
497.474  459.963   535.352
376.981  346.681   411.221
485.815  447.398   528.397
205.761  501.814   72.4263
615.437  597.37   608.379
691.27  721.819   611.476
439.157  356.871   534.884
755.062  765.873   696.881
626.372  733.749   474.429
510.13  473.858   543.926
670.054  699.665   592.708
711.674  721.864   656.836
648.114  836.262   435.273
0  0   0
406.979  330.722   495.692
570.539  533.587   600.812
326.205  651.44   139.376
353.628  279.813   447.683
682.034  837.083   487.009
570.675  545.299   579.014
487.357  413.267   564.245
596.548  563.109   618.037
688.973  773.319   551.792
655.656  708.177   553.095
625.125  618.877   598.767
539.048  498.402   580.091
file 9 : /data/pku/home/pengj/testvbs/data/for_analysis/2018_PUJetID/full_run2_2018_PUJetID_WGJJ_version8/210312_072157/0000/treePKU_17.root
LUMI : 59.74
btag value cut :  0.4184
Number of events to be analyzed : 795
processing : [[32m[0m--------------------------------------------------]  [33m0%  p_event: 244829 n_event: 350[0m
535.787  497.691   571.283
465.598  404.102   527.011
478.49  440.433   521.534
115.559  354.947   29.577
672.884  915.364   424.456
632.293  625.973   605.632
676.033  685.713   623.942
620.074  761.039   442.766
692.668  748.154   584.317
450.545  414.711   491.076
402.515  322.038   501.064
0  0   0
698.34  729.201   617.729
file 10 : /data/pku/home/pengj/testvbs/data/for_analysis/2018_PUJetID/full_run2_2018_PUJetID_WGJJ_version8/210312_072157/0000/treePKU_18.root
LUMI : 59.74
btag value cut :  0.4184
Number of events to be analyzed : 6915
processing : [[32m[0m--------------------------------------------------]  [33m0%  p_event: 293348 n_event: 429[0m
588.586  800.687   371.28
589.352  556.317   610.582
634.208  643.288   585.339
489.649  744.682   272.56
0  0   0
372.176  706.854   166.311
267.021  583.286   105.365
659.606  688.756   583.467
466.757  395.798   540.394
697.966  856.638   498.385
568.581  536.711   589.063
530.376  489.043   574.487
497.27  461.913   530.214
641.063  750.959   485.557
593.243  765.461   398.422
458.954  389.182   531.361
692.6  702.517   639.232
637.617  618.899   630.305
619.959  669.62   522.981
454.612  394.568   514.577
548.02  493.787   603.034
588.621  550.498   619.853
647.367  628.363   639.943
460.992  400.106   521.799
506.129  467.966   544.666
675.661  645.617   685.534
671.699  753.93   537.957
398.532  323.858   485.404
0  0   0
181.327  141.915   235.238
482.81  419.042   546.495
545.862  507.05   582.025
196.277  478.685   69.0881
0  0   0
635.034  779.399   453.448
703.786  760.162   593.696
0  0   0
531.338  491.274   571.794
583.205  793.367   367.886
616.46  838.606   388.863
262.265  207.521   332.02
644.679  696.32   543.834
701.457  670.265   711.706
632.922  614.342   625.664
566.691  526.398   604.234
511.958  475.556   545.875
500.631  456.169   547.705
294.352  231.266   377.001
182.282  459.71   61.4754
596.819  857.834   353.501
421.995  719.065   208.911
726.132  815.027   581.552
533.288  493.077   573.893
542.476  500.2   587.593
541.358  511.013   560.859
603.141  778.233   405.069
501.298  451.689   551.622
481.241  441.307   525.307
524.294  797.372   291.845
499.584  804.385   261.863
551.17  838.247   306.805
539.793  497.725   584.687
687.531  643.001   724.011
473.854  452.784   480.778
530.991  515.403   524.902
225.814  532.126   82.6888
0  0   0
518.727  477.033   565.841
670.372  724.072   565.509
355.634  675.437   158.919
233.813  550.976   85.6179
502.386  457.768   549.625
482.03  434.327   530.419
611.851  572.223   644.316
756.103  848.667   605.555
469.77  407.724   531.734
666.639  647.068   658.994
724.733  813.456   580.431
504.81  812.798   264.602
485.034  446.679   527.548
722.332  754.253   638.952
489.777  788.594   256.723
508.958  480.429   527.292
539.56  501.196   575.306
480.329  437.67   525.494
580.321  554.516   588.8
447  761.673   221.29
492.549  443.805   541.994
557.776  521.65   587.372
347.52  660.026   155.293
255.192  557.445   100.697
0  0   0
520.852  792.138   289.929
436.165  369.857   504.975
480.888  417.373   544.318
519.283  460.242   577.77
642.988  636.561   615.877
435.618  396.931   476.58
481.591  443.287   524.914
459.043  398.414   519.592
655.186  648.638   627.561
476.236  766.792   249.625
391.142  360.211   425.426
660.253  653.654   632.414
490.506  425.721   555.205
456.648  378.521   542.377
697.359  753.221   588.275
682.128  712.272   603.389
715.872  726.122   660.711
509.039  692.475   321.102
597.561  812.897   376.942
0  0   0
0  0   0
536.841  771.624   317.976
493.494  428.315   558.588
503.544  463.071   549.279
647.387  835.324   434.785
668.149  697.676   591.023
462.945  421.83   506.476
177.588  463.393   57.1498
521.965  480.451   568.921
0  0   0
-321.969  -673.723   -132.024
file 11 : /data/pku/home/pengj/testvbs/data/for_analysis/2018_PUJetID/full_run2_2018_PUJetID_WGJJ_version8/210312_072157/0000/treePKU_19.root
LUMI : 59.74
btag value cut :  0.4184
Number of events to be analyzed : 10058
processing : [[32m[0m--------------------------------------------------]  [33m0%  p_event: 364022 n_event: 549[0m
625.471  807.046   420.066
725.078  849.376   549.191
751.575  880.415   569.261
462.326  425.166   504.317
447.437  388.34   506.455
368.62  332.14   405.624
588.905  555.895   610.119
715.004  772.279   603.159
627.508  599.605   636.677
532.079  494.246   567.329
701.748  732.76   620.744
571.016  565.308   546.939
647.928  641.452   620.609
179.285  140.317   232.589
615.477  609.325   589.526
524.261  464.654   583.308
499.161  454.83   546.097
588.456  894.954   327.561
689.715  807.95   522.406
690.004  774.476   552.617
649.144  837.591   435.965
481.987  439.181   527.308
451.173  411.104   493.597
666.122  780.313   504.537
490.964  790.505   257.345
511.098  468.686   557.898
517.224  475.652   564.202
264.455  577.68   104.352
0  0   0
382.036  305.654   475.571
517.3  478.295   556.687
536.235  498.107   571.761
495.257  456.66   536.446
604.784  577.891   613.621
471.979  434.043   514.847
472.493  433.285   515.759
621.902  603.645   614.77
558.483  522.311   588.116
519.148  513.959   497.258
463.512  422.347   507.096
226.055  532.693   82.7768
716.263  747.917   633.584
587.094  545.35   625.989
717.313  805.128   574.488
603.463  778.648   405.285
569.715  818.876   337.447
618.55  612.367   592.469
656.028  768.489   496.891
519.257  482.336   553.657
486.999  438.804   535.887
666.335  957.752   394.676
611.66  789.226   410.791
532.884  480.148   586.378
617.706  611.532   591.661
568.704  563.02   544.725
522.039  482.676   561.787
534.326  496.334   569.725
610.995  571.423   643.414
583.671  545.868   614.641
528.567  486.528   576.117
489.854  446.349   535.915
529.826  488.535   573.89
499.723  460.206   543.525
506.553  456.424   557.404
360.539  684.753   161.111
591.166  552.878   622.533
575.413  645.856   460.842
677.615  731.895   571.619
500.391  450.871   550.624
546.819  507.938   583.045
644.633  831.77   432.935
441.973  417.199   457.894
484.313  441.3   529.853
471.689  429.798   516.042
597.89  571.304   606.626
582.823  545.076   613.748
578.248  786.624   364.759
543.133  507.956   571.951
509.451  467.176   556.101
0  0   0
706.172  827.229   534.871
0  0   0
323.379  645.796   138.169
132.61  388.951   36.1317
250.081  196.483   320.3
461.577  391.406   534.397
457.341  371.648   557.032
511.85  469.376   558.719
479.691  439.885   523.616
467.774  430.57   509.855
449.872  398.723   500.541
422.276  760.49   198.193
631.722  740.016   478.481
548.559  543.076   525.43
588.44  571.165   581.691
537.806  495.032   586.187
610.137  748.842   435.671
544.194  508.948   573.069
519.277  478.809   562.465
483.703  778.814   253.539
603.85  586.123   596.925
764.983  938.89   546.239
506.644  467.16   548.781
562.487  522.493   599.752
496.576  447.434   546.426
619.437  628.306   571.706
504.009  437.441   570.49
481.935  441.943   526.065
485.48  781.676   254.47
469.598  423.126   516.739
517.558  476.394   564.117
628.126  854.476   396.222
707.904  718.04   653.357
397.04  322.645   483.586
654.203  663.57   603.794
483.902  440.926   529.403
477.576  768.949   250.327
480.979  446.78   512.844
663.888  717.069   560.039
459  406.813   510.696
0  0   0
509.579  469.05   555.421
411.624  329.326   512.403
85.0888  306.489   17.8766
476.513  684.913   282.243
543.932  500.919   591.608
612.56  606.437   586.732
461.813  424.694   503.758
605.569  571.625   627.383
713.809  770.989   602.151
637.584  631.212   610.701
399.101  718.754   187.316
641.444  787.267   458.026
464.669  427.321   506.874
0  0   0
635.046  606.808   644.325
615.071  608.923   589.137
538.057  499.8   573.703
522.375  750.833   309.408
533.151  766.321   315.79
506.067  439.227   572.819
554  514.609   590.702
529.663  506.111   537.403
500.128  443.264   556.456
679.525  834.004   485.217
457.822  423.301   492.68
0  0   0
465.941  395.107   539.45
121.849  374.266   31.1868
661.325  811.667   472.221
491.88  453.546   532.789
692.71  723.322   612.749
552.945  517.132   582.284
347.653  694.271   148.54
470.229  432.434   512.939
476.82  434.473   521.655
482.863  419.088   546.554
469.919  443.579   486.847
640.141  611.677   649.495
495.138  753.031   275.616
583.849  557.887   592.38
537.498  502.686   566.018
466.103  445.377   472.913
0  0   0
659.876  740.66   528.488
692.852  723.47   612.875
462.813  421.71   506.332
429.616  773.71   201.638
661.938  655.322   634.028
620.766  593.163   629.836
460.652  422.426   502.833
647.027  640.56   619.746
594.706  561.371   616.129
513.04  473.057   555.709
0  0   0
543.086  502.136   584.436
529.619  477.207   582.786
493.467  454.219   537.859
567.223  526.892   604.801
651.954  800.165   465.53
506.4  466.935   548.517
695.584  751.303   586.777
681.903  765.383   546.129
575.207  537.953   605.728
444.439  376.873   514.555
641.012  650.19   591.619
621.173  845.017   391.836
processing : [[32m>>>>>>>>>>>>>>>>>>>>>>>>>>>>>>>>>>>>>>>>>>>>>>>>>[0m-]  [33m99.4233%  p_event: 364022 n_event: 549[0m
0  0   0
file 12 : /data/pku/home/pengj/testvbs/data/for_analysis/2018_PUJetID/full_run2_2018_PUJetID_WGJJ_version8/210312_072157/0000/treePKU_2.root
LUMI : 59.74
btag value cut :  0.4184
Number of events to be analyzed : 3492
processing : [[32m[0m--------------------------------------------------]  [33m0%  p_event: 387984 n_event: 585[0m
233.324  549.823   85.4387
763.749  741.328   754.99
0  0   0
720.054  751.874   636.937
536.389  498.25   571.925
342.343  683.668   146.271
617.833  840.473   389.729
504.262  463.731   550.062
586.363  560.29   594.931
505.08  466.996   543.537
505.162  465.215   549.44
416.302  709.364   206.093
488.147  449.545   530.934
509.151  468.227   555.396
529.18  852.038   277.376
670.316  699.938   592.94
575.654  538.37   606.198
462.346  401.28   523.331
0  0   0
389.322  316.374   474.187
324.158  647.352   138.501
499.909  460.149   544.881
593.627  576.2   586.819
164.232  129.774   211.811
457.388  387.854   529.548
565.337  812.583   334.854
506.668  468.464   545.246
667.525  781.956   505.599
502.884  458.222   550.17
484.767  420.74   548.709
472.03  432.861   515.254
632.242  641.295   583.525
465.385  419.33   512.104
498.458  458.394   543.732
576.949  784.858   363.94
618.303  693.997   495.193
540.615  822.195   300.93
538.829  774.482   319.153
485.274  781.344   254.362
548.442  504.361   598.256
626.472  852.226   395.179
488.232  447.717   532.938
258.008  586.256   98.0935
510.46  465.126   558.459
466.957  405.282   528.55
645.09  608.931   668.328
652.766  801.163   466.11
790.855  825.804   699.565
235.219  554.289   86.1327
647.614  676.234   572.859
668.098  697.622   590.978
255.006  579.434   96.952
619.579  592.028   628.632
504.213  466.194   542.604
378.779  349.26   410.282
596.957  551.945   642.409
551.914  516.168   581.198
390.656  339.059   442.185
151.317  425.437   43.7551
457.449  379.185   543.328
429.05  355.644   509.597
488.444  423.931   552.871
447.371  396.506   497.758
603.074  585.369   596.157
220.061  536.69   77.4599
520.758  483.73   555.258
427.942  354.726   508.282
541.059  469.597   612.426
651.164  644.656   623.708
616.536  795.516   414.065
250.179  568.465   95.1167
672.735  726.624   567.502
653.193  662.546   602.861
243.273  189.916   315.092
429.13  348.723   522.671
483.028  442.946   527.259
556.343  525.158   576.384
714.64  746.221   632.148
513.707  462.87   565.277
598.755  572.131   607.504
662.895  715.995   559.201
file 13 : /data/pku/home/pengj/testvbs/data/for_analysis/2018_PUJetID/full_run2_2018_PUJetID_WGJJ_version8/210312_072157/0000/treePKU_20.root
LUMI : 59.74
btag value cut :  0.4184
Number of events to be analyzed : 1489
processing : [[32m[0m--------------------------------------------------]  [33m0%  p_event: 398173 n_event: 596[0m
488.637  786.759   256.125
300.379  237.679   380.272
343.573  686.125   146.797
299.377  235.214   383.437
278.668  218.038   359.485
634.991  628.644   608.217
448.875  419.803   472.692
559.478  528.117   579.632
467.322  425.819   511.265
443.841  393.378   493.831
505.023  490.197   499.231
432.009  374.95   488.992
631.562  775.138   450.969
684.099  714.33   605.132
489.283  450.368   533.299
648.199  759.317   490.961
490.003  451.254   532.952
703.765  713.841   649.536
551.754  516.019   581.031
0  0   0
466.934  440.761   483.754
487.342  444.061   533.167
134.372  377.796   38.8554
463.411  424.956   505.845
538.861  503.961   567.453
716.135  747.783   633.47
0  0   0
653.31  801.83   466.498
473.874  431.789   518.433
606.827  655.437   511.904
471.966  418.305   525.123
471.319  424.677   518.634
472.828  433.592   516.125
668.023  721.534   563.527
file 14 : /data/pku/home/pengj/testvbs/data/for_analysis/2018_PUJetID/full_run2_2018_PUJetID_WGJJ_version8/210312_072157/0000/treePKU_21.root
LUMI : 59.74
btag value cut :  0.4184
Number of events to be analyzed : 1022
processing : [[32m[0m--------------------------------------------------]  [33m0%  p_event: 405765 n_event: 603[0m
393.905  320.098   479.768
628.473  771.346   448.763
639.712  620.933   632.376
509.213  458.82   560.331
670.104  822.442   478.49
513.162  780.443   285.649
618.254  590.762   627.288
510.808  465.442   558.839
422.96  720.71   209.389
507.131  467.028   551.581
498.524  432.68   564.281
599.539  581.939   592.664
503.484  446.239   560.191
358.515  610.897   177.485
505  490.175   499.209
493.032  444.24   542.526
576.503  550.868   584.927
414.588  336.905   504.96
651.45  703.634   549.546
file 15 : /data/pku/home/pengj/testvbs/data/for_analysis/2018_PUJetID/full_run2_2018_PUJetID_WGJJ_version8/210312_072157/0000/treePKU_22.root
LUMI : 59.74
btag value cut :  0.4184
Number of events to be analyzed : 175
processing : [[32m[0m--------------------------------------------------]  [33m0%  p_event: 406963 n_event: 605[0m
497.23  458.479   538.583
592.782  586.857   567.788
669.55  639.778   679.334
563.513  527.016   593.413
439.857  372.988   509.25
file 16 : /data/pku/home/pengj/testvbs/data/for_analysis/2018_PUJetID/full_run2_2018_PUJetID_WGJJ_version8/210312_072157/0000/treePKU_23.root
LUMI : 59.74
btag value cut :  0.4184
Number of events to be analyzed : 3921
processing : [[32m[0m--------------------------------------------------]  [33m0%  p_event: 434136 n_event: 632[0m
611.547  605.434   585.761
341.177  681.34   145.773
493.701  418.646   571.589
243.344  552.935   92.5183
447.033  379.073   517.558
516.247  473.408   563.52
480.235  441.635   523.853
0  0   0
570.471  819.963   337.895
515.301  474.316   561.657
172.477  450.055   55.5047
454.572  394.533   514.532
635.808  607.536   645.098
624.772  701.258   500.374
699.124  730.02   618.423
643.903  672.358   569.576
588.928  562.741   597.533
593.525  807.407   374.396
127.833  374.94   34.8302
576.785  535.774   614.997
615.685  691.059   493.096
444.67  409.506   483.646
683.754  767.461   547.612
682.547  880.691   458.398
373.789  342.772   408.017
630.524  773.864   450.228
0  0   0
489.525  441.08   538.667
649.417  701.438   547.831
662.19  655.572   634.27
709.737  796.625   568.421
659.536  772.598   499.548
489.695  434.018   544.849
476.125  438.474   517.858
482.641  444.475   524.945
666.058  747.598   533.439
673.156  727.079   567.858
479.221  431.796   527.329
656.412  846.969   440.846
486.423  447.735   530.181
352.461  278.89   446.206
510.222  658.34   342.665
477.97  423.626   531.803
92.8843  316.319   20.8584
383.655  351.818   418.786
434.421  740.238   215.062
624.586  805.904   419.472
593.493  807.363   374.376
371.98  598.928   194.978
377.312  306.614   459.559
550.23  508.742   592.125
523.406  486.19   558.082
466.23  427.541   508.922
452.922  401.426   503.935
589.939  563.707   598.559
516.07  473.246   563.326
133.401  375.067   38.5747
656.371  805.587   468.684
558.405  849.251   310.833
492.814  453.204   537.575
548.186  512.682   577.273
0  0   0
486.964  448.456   529.647
638.52  602.729   661.521
506.721  449.108   563.792
508.282  469.956   546.982
539.133  819.94   300.105
493.187  605.305   352.162
0  0   0
676.41  730.593   570.602
428.424  730.02   212.094
657.082  637.792   649.547
240.533  187.778   311.543
658.371  738.97   527.282
603.12  676.955   483.033
476.552  767.301   249.791
555.875  519.872   585.369
508.436  470.099   547.149
500.554  460.743   545.584
512.517  779.462   285.29
411.143  364.397   457.45
0  0   0
596.402  578.893   589.562
498.873  459.423   542.6
492.626  453.67   535.805
536.985  771.832   318.061
0  0   0
623.221  595.509   632.328
474.401  427.453   522.024
file 17 : /data/pku/home/pengj/testvbs/data/for_analysis/2018_PUJetID/full_run2_2018_PUJetID_WGJJ_version8/210312_072157/0000/treePKU_24.root
LUMI : 59.74
btag value cut :  0.4184
Number of events to be analyzed : 375
processing : [[32m[0m--------------------------------------------------]  [33m0%  p_event: 436732 n_event: 636[0m
553.013  517.196   582.356
446.42  402.241   491.235
190.254  479.815   64.164
690.005  890.314   463.407
679.901  796.455   514.973
569.487  537.566   590.002
651.378  840.473   437.465
315.377  247.785   403.93
584.925  540.821   629.462
468.838  422.44   515.903
245.432  557.68   93.3122
453.62  408.729   499.158
file 18 : /data/pku/home/pengj/testvbs/data/for_analysis/2018_PUJetID/full_run2_2018_PUJetID_WGJJ_version8/210312_072157/0000/treePKU_25.root
LUMI : 59.74
btag value cut :  0.4184
Number of events to be analyzed : 2379
processing : [[32m[0m--------------------------------------------------]  [33m0%  p_event: 453497 n_event: 670[0m
631.233  659.129   558.369
424.069  392.093   456.357
337.59  674.177   144.241
495.134  457.8   532.834
460.856  424.413   501.251
499.125  454.797   546.058
500.737  456.266   547.822
526.441  484.811   572.584
470.674  399.12   544.929
493.836  454.143   538.69
646.396  655.652   596.589
503.171  445.962   559.842
684.894  768.74   548.524
465.751  419.66   512.507
638.717  868.884   402.903
606.018  614.695   559.322
389.6  311.706   484.987
672.668  682.299   620.836
685.873  695.693   633.023
596.064  856.749   353.054
498.473  457.109   544.118
546.059  500.747   596.062
611.136  788.55   410.439
583.277  793.465   367.931
472.404  418.693   525.61
757.951  791.447   670.46
606.339  600.278   580.773
398.783  330.556   473.649
521.212  480.593   564.561
590.511  552.265   621.844
485.247  446.653   528.899
591.645  850.397   350.437
644.837  654.07   595.149
633.14  626.811   606.444
644.278  754.724   487.991
651.269  703.438   549.394
593.052  575.642   586.251
431.328  365.756   499.376
554.676  511.448   600.807
471.835  429.931   516.202
473.228  433.959   516.561
640.249  691.535   540.098
650.552  679.301   575.457
275.748  602.348   108.808
266.796  582.793   105.276
508.139  450.365   565.371
241.578  548.923   91.847
file 19 : /data/pku/home/pengj/testvbs/data/for_analysis/2018_PUJetID/full_run2_2018_PUJetID_WGJJ_version8/210312_072157/0000/treePKU_26.root
LUMI : 59.74
btag value cut :  0.4184
Number of events to be analyzed : 747
processing : [[32m[0m--------------------------------------------------]  [33m0%  p_event: 458889 n_event: 678[0m
0  0   0
572.689  540.588   593.318
490.599  425.802   555.311
708.266  718.408   653.691
606.006  921.645   337.33
503.043  462.611   548.733
450.802  811.863   211.581
file 20 : /data/pku/home/pengj/testvbs/data/for_analysis/2018_PUJetID/full_run2_2018_PUJetID_WGJJ_version8/210312_072157/0000/treePKU_27.root
LUMI : 59.74
btag value cut :  0.4184
Number of events to be analyzed : 614
processing : [[32m[0m--------------------------------------------------]  [33m0%  p_event: 463085 n_event: 682[0m
494.956  752.754   275.514
478.628  438.91   522.455
598.422  624.868   529.345
711.665  798.788   569.965
476.427  429.279   524.254
653.083  646.555   625.546
677.981  732.29   571.927
0  0   0
file 21 : /data/pku/home/pengj/testvbs/data/for_analysis/2018_PUJetID/full_run2_2018_PUJetID_WGJJ_version8/210312_072157/0000/treePKU_28.root
LUMI : 59.74
btag value cut :  0.4184
Number of events to be analyzed : 1293
processing : [[32m[0m--------------------------------------------------]  [33m0%  p_event: 472279 n_event: 688[0m
573.207  529.986   616.851
517.188  480.415   551.452
655.138  735.341   524.693
452.54  383.743   523.935
610.841  749.706   436.173
645.601  833.02   433.585
638.587  783.76   455.985
636.418  664.543   562.955
0  0   0
627.252  734.78   475.096
587.991  555.033   609.172
634.217  606.016   643.484
280.572  219.528   361.941
464.881  428.119   505.628
752.836  923.981   537.565
469.794  432.033   512.464
752.9  845.071   602.99
570.86  545.476   579.202
626.285  607.899   619.102
674.068  756.589   539.854
500.214  461.231   541.816
561.236  529.777   581.453
630.364  611.859   623.135
409.758  737.947   192.318
file 22 : /data/pku/home/pengj/testvbs/data/for_analysis/2018_PUJetID/full_run2_2018_PUJetID_WGJJ_version8/210312_072157/0000/treePKU_29.root
LUMI : 59.74
btag value cut :  0.4184
Number of events to be analyzed : 1049
processing : [[32m[0m--------------------------------------------------]  [33m0%  p_event: 480065 n_event: 700[0m
506.076  769.666   281.704
447.62  396.727   498.035
741.449  774.216   655.863
475.88  766.219   249.438
505.944  466.515   548.023
0  0   0
406.377  325.128   505.872
420.296  341.544   511.912
530.422  490.427   570.809
0  0   0
512.987  472.421   557.951
570.463  776.033   359.848
478.668  440.598   521.729
411.251  364.493   457.57
499.792  460.269   543.599
468.958  431.874   510.063
468.805  431.519   510.978
518.897  467.546   570.988
483.576  444.708   527.498
file 23 : /data/pku/home/pengj/testvbs/data/for_analysis/2018_PUJetID/full_run2_2018_PUJetID_WGJJ_version8/210312_072157/0000/treePKU_3.root
LUMI : 59.74
btag value cut :  0.4184
Number of events to be analyzed : 682
processing : [[32m[0m--------------------------------------------------]  [33m0%  p_event: 484858 n_event: 707[0m
512.84  825.729   268.812
704.852  825.682   533.872
551.969  512.722   588.537
524.376  797.497   291.891
551.786  516.048   581.063
472.697  435.101   515.221
660.187  653.588   632.35
559.269  523.047   588.944
449.77  405.26   494.921
457.343  422.859   492.165
357.307  302.987   413.677
552.723  516.924   582.05
540.859  735.762   341.174
684.381  677.541   655.524
659.023  639.676   651.465
502.911  464.991   541.203
467.798  430.806   508.801
441.9  406.955   480.633
448.363  380.201   519.099
file 24 : /data/pku/home/pengj/testvbs/data/for_analysis/2018_PUJetID/full_run2_2018_PUJetID_WGJJ_version8/210312_072157/0000/treePKU_30.root
LUMI : 59.74
btag value cut :  0.4184
Number of events to be analyzed : 1456
processing : [[32m[0m--------------------------------------------------]  [33m0%  p_event: 495440 n_event: 724[0m
720.325  843.808   545.591
594.095  555.617   625.618
641.852  751.882   486.154
655.565  684.536   579.892
617.632  611.458   591.59
458.356  421.901   499.589
450.417  767.495   222.982
422.061  801.599   188.603
577.54  536.475   615.802
514.107  477.553   548.167
488.238  450.188   528.844
615.209  755.068   439.293
587.72  549.655   618.905
0  0   0
420.388  348.464   499.309
531.869  491.765   572.365
484.846  450.372   516.967
514.734  473.362   561.486
146.635  121.726   179.066
460.537  414.962   506.769
470.012  432.63   512.294
517.773  478.732   557.197
495.412  455.592   540.409
531.712  491.62   572.196
0  0   0
567.373  524.592   610.573
641.734  670.093   567.657
569.718  532.819   599.947
450.357  414.538   490.871
484.314  444.125   528.662
348.329  283.062   424.258
529.377  487.514   575.777
file 25 : /data/pku/home/pengj/testvbs/data/for_analysis/2018_PUJetID/full_run2_2018_PUJetID_WGJJ_version8/210312_072157/0000/treePKU_31.root
LUMI : 59.74
btag value cut :  0.4184
Number of events to be analyzed : 1014
processing : [[32m[0m--------------------------------------------------]  [33m0%  p_event: 502428 n_event: 735[0m
470.931  758.25   246.844
360.498  719.924   154.028
388.603  310.908   483.745
381.072  301.529   482.427
558.005  518.329   594.973
414.429  383.18   445.984
557.404  526.16   577.484
679.541  672.749   650.889
464.379  403.045   525.632
500.833  434.684   566.894
474.854  436.687   517.984
626.17  598.326   635.319
466.26  413.248   518.775
622.759  604.476   615.617
505.274  464.662   551.167
491.549  442.904   540.894
564.108  523.998   601.48
635.631  616.971   628.341
file 26 : /data/pku/home/pengj/testvbs/data/for_analysis/2018_PUJetID/full_run2_2018_PUJetID_WGJJ_version8/210312_072157/0000/treePKU_32.root
LUMI : 59.74
btag value cut :  0.4184
Number of events to be analyzed : 2033
processing : [[32m[0m--------------------------------------------------]  [33m0%  p_event: 517012 n_event: 751[0m
190.66  480.838   64.3008
367.646  290.906   465.43
680.671  673.868   651.971
524.237  482.781   570.186
616.732  589.308   625.744
293.383  230.505   375.761
511.655  469.197   558.507
0  0   0
659.781  712.632   556.574
536.22  691.885   360.125
565.272  533.586   585.634
421.999  342.928   513.987
481.009  407.884   556.895
549.041  524.627   557.063
495.627  456.433   539.069
546.294  785.212   323.575
195.16  475.959   68.6947
682.738  737.428   575.94
457.381  419.427   499.263
668.643  783.266   506.446
445.716  677.868   248.105
537.079  492.511   586.259
649.861  797.597   464.036
660.857  670.319   609.935
478.977  440.479   522.482
452.557  375.13   537.518
640.262  649.429   590.927
661.147  774.485   500.768
447.028  407.327   489.062
298.967  625.592   122.592
477.7  439.924   519.571
549.323  510.264   585.715
695.356  674.943   687.382
477.928  439.514   521.337
701.932  758.16   592.132
513.351  480.103   540.59
609.456  875.997   360.986
481.964  443.225   525.739
0  0   0
601.738  584.073   594.837
512.945  479.723   540.161
396.315  713.737   186.008
289.119  227.155   370.3
504.634  465.306   546.603
491.32  452.243   535.519
0  0   0
467.176  420.944   514.075
442.753  367.003   525.873
542.345  924.137   268.491
397.656  329.622   472.31
256.889  200.998   331.389
575.9  783.431   363.278
759.424  820.257   640.631
file 27 : /data/pku/home/pengj/testvbs/data/for_analysis/2018_PUJetID/full_run2_2018_PUJetID_WGJJ_version8/210312_072157/0000/treePKU_33.root
LUMI : 59.74
btag value cut :  0.4184
Number of events to be analyzed : 1191
processing : [[32m[0m--------------------------------------------------]  [33m0%  p_event: 525199 n_event: 764[0m
688.271  772.53   551.229
608.076  784.601   408.384
471.884  441.321   496.922
645.514  674.041   571.001
523.838  484.34   563.723
357.07  678.165   159.561
278.804  556.779   119.123
275.088  215.238   354.867
655.989  684.979   580.267
528.778  487.569   572.756
556.34  520.307   585.859
436.577  417.164   442.956
473.653  435.981   516.263
589.663  551.472   620.95
602.361  555.418   652.459
643.161  874.929   405.706
488.206  450.159   528.81
582.703  837.545   345.141
626.529  608.136   619.344
513.548  477.033   547.57
591.457  558.304   612.762
423.166  762.094   198.611
530.793  595.774   425.107
492.576  793.101   258.19
634.339  627.998   607.592
376.578  346.31   410.782
572.697  535.605   603.084
file 28 : /data/pku/home/pengj/testvbs/data/for_analysis/2018_PUJetID/full_run2_2018_PUJetID_WGJJ_version8/210312_072157/0000/treePKU_34.root
LUMI : 59.74
btag value cut :  0.4184
Number of events to be analyzed : 507
processing : [[32m[0m--------------------------------------------------]  [33m0%  p_event: 528795 n_event: 768[0m
516.975  634.501   369.148
428.125  397.684   456.488
689.775  808.021   522.452
495.075  453.993   540.408
539.895  776.015   319.785
621.868  581.591   654.864
189.787  148.083   246.31
437.02  744.667   216.349
534.214  499.615   562.56
504.942  463.041   551.179
379.791  349.758   413.08
file 29 : /data/pku/home/pengj/testvbs/data/for_analysis/2018_PUJetID/full_run2_2018_PUJetID_WGJJ_version8/210312_072157/0000/treePKU_35.root
LUMI : 59.74
btag value cut :  0.4184
Number of events to be analyzed : 2600
processing : [[32m[0m--------------------------------------------------]  [33m0%  p_event: 546965 n_event: 797[0m
486.706  443.481   532.471
155.203  124.675   197.394
623.325  617.095   597.043
470.452  432.639   513.182
206.314  503.162   72.6208
661.319  670.788   610.362
586.345  569.132   579.621
439.517  668.439   244.654
596.791  570.254   605.512
630.734  624.43   604.14
314.025  657.1   128.767
593.021  575.612   586.221
696.998  752.831   587.97
577.065  829.44   341.801
721.481  753.365   638.199
429.66  732.126   212.706
658.993  850.299   442.58
197.227  481   69.4222
471.917  450.933   478.812
418.039  354.487   483.991
543.033  500.713   588.196
481.005  442.968   523.166
528.275  504.785   535.994
492.966  453.758   537.313
713.844  801.234   571.71
482.961  444.549   526.408
650.706  644.202   623.269
467.051  396.048   540.734
477.434  439.461   520.383
548.427  505.687   594.039
0  0   0
519.21  478.746   562.392
553.95  537.688   547.597
596.776  549.584   649.084
604.652  780.183   406.084
508.807  450.957   566.113
-517.107  -478.116   -556.48
371.651  329.395   413.51
471.015  408.804   533.144
560.52  629.14   448.915
566.522  534.767   586.93
508.934  472.747   542.651
582.998  793.086   367.756
408.058  331.599   497.006
499.698  460.183   543.497
file 30 : /data/pku/home/pengj/testvbs/data/for_analysis/2018_PUJetID/full_run2_2018_PUJetID_WGJJ_version8/210312_072157/0000/treePKU_36.root
LUMI : 59.74
btag value cut :  0.4184
Number of events to be analyzed : 874
processing : [[32m[0m--------------------------------------------------]  [33m0%  p_event: 552949 n_event: 813[0m
416.432  369.085   463.334
507.406  469.146   546.04
420.535  348.587   499.485
517.511  477.18   560.552
536.79  498.623   572.352
668.341  909.184   421.59
677.622  793.785   513.247
522.184  485.055   556.779
0  0   0
462.56  401.466   523.574
524.969  567.021   442.851
494.145  419.023   572.103
file 31 : /data/pku/home/pengj/testvbs/data/for_analysis/2018_PUJetID/full_run2_2018_PUJetID_WGJJ_version8/210312_072157/0000/treePKU_4.root
LUMI : 59.74
btag value cut :  0.4184
Number of events to be analyzed : 1649
processing : [[32m[0m--------------------------------------------------]  [33m0%  p_event: 564933 n_event: 829[0m
501.42  461.54   546.527
381.865  350.177   416.832
492.042  452.908   536.306
400.623  325.557   487.95
556.251  525.072   576.289
486.811  448.093   530.604
581.803  540.435   620.347
536.356  493.697   584.607
467.045  428.289   509.812
165.698  432.367   53.3233
488.302  444.935   534.217
278.409  608.162   109.859
669.349  662.659   641.127
684.918  768.767   548.543
468.541  406.657   530.342
394.611  710.667   185.208
396.096  316.902   493.073
278.822  609.064   110.022
460.094  423.501   501.484
689.785  720.268   610.162
552.687  509.615   598.653
511.329  443.793   578.775
517.571  502.377   511.636
689.142  773.508   551.927
569.799  537.86   590.324
565.298  812.527   334.831
649.668  643.174   622.275
541.8  500.947   583.053
720.52  713.318   690.14
0  0   0
306.256  240.619   392.248
469.497  448.62   476.357
455.635  423.238   485.821
520.804  474.551   569.775
474.165  434.818   517.584
361.616  686.799   161.593
file 32 : /data/pku/home/pengj/testvbs/data/for_analysis/2018_PUJetID/full_run2_2018_PUJetID_WGJJ_version8/210312_072157/0000/treePKU_5.root
LUMI : 59.74
btag value cut :  0.4184
Number of events to be analyzed : 1664
processing : [[32m[0m--------------------------------------------------]  [33m0%  p_event: 576719 n_event: 841[0m
535.448  497.376   570.922
575.059  542.826   595.775
465.216  427.824   507.471
631.295  858.787   398.221
618.891  612.705   592.796
505.162  467.072   543.625
476.907  438.575   520.223
645.901  639.445   618.667
426.937  727.486   211.358
518.534  477.292   565.181
249.011  565.812   94.6728
502.033  473.892   520.117
483.546  778.562   253.457
549.228  543.739   526.07
500.791  460.961   545.842
293.112  613.339   120.191
492.715  454.316   533.693
509.144  466.894   555.766
536.085  497.967   571.6
508.83  503.745   487.376
173.54  423.233   61.0847
507.324  466.547   553.403
653.538  705.889   551.308
472.637  410.212   534.98
470.838  399.259   545.119
521.528  452.646   590.32
558.598  527.287   578.72
566.905  535.128   587.326
581.422  555.568   589.918
423.193  350.79   502.641
643.228  829.958   431.992
454.289  394.288   514.211
524.995  487.666   559.776
768.18  942.813   548.521
0  0   0
640.679  612.19   650.041
649.724  729.265   520.357
572.78  779.187   361.31
212.957  483.889   80.9653
669.425  679.01   617.843
535.123  813.842   297.873
609.535  829.186   384.495
file 33 : /data/pku/home/pengj/testvbs/data/for_analysis/2018_PUJetID/full_run2_2018_PUJetID_WGJJ_version8/210312_072157/0000/treePKU_6.root
LUMI : 59.74
btag value cut :  0.4184
Number of events to be analyzed : 5911
processing : [[32m[0m--------------------------------------------------]  [33m0%  p_event: 617653 n_event: 904[0m
459.833  414.327   505.994
501.62  762.889   279.224
463.78  426.893   505.501
725.925  784.075   612.372
629.7  611.214   622.479
432.791  358.745   514.041
537.487  817.438   299.189
0  0   0
0  0   0
682.333  712.487   603.571
324.974  257.141   411.408
471.508  432.382   514.684
602.608  584.918   595.697
561.198  536.244   569.398
409.068  372.738   447.533
639.502  648.659   590.226
427.519  769.933   200.654
206.13  502.713   72.5561
291.983  610.978   119.729
502.14  463.007   543.903
454.754  419.314   492.575
568.653  562.969   544.676
363.935  291.172   453.039
493.069  455.891   530.612
518.727  478.301   561.869
623.501  588.552   645.961
106.46  326.999   27.2481
666.462  659.8   638.361
508.586  773.484   283.102
243.755  190.292   315.716
489.041  449.734   533.46
0  0   0
645.941  792.785   461.236
671.572  664.86   643.256
274.981  215.154   354.729
588.865  571.578   582.112
699.721  858.792   499.638
411.704  380.661   443.051
260.413  568.851   102.757
462.87  421.762   506.394
609.86  786.903   409.582
708.124  829.515   536.35
671.76  701.446   594.218
659.042  711.834   555.951
456.942  735.726   239.512
533.664  493.425   574.298
500.459  456.012   547.517
525.597  488.225   560.418
366.984  696.993   163.991
679.967  877.362   456.666
501.822  615.903   358.328
519.362  482.434   553.77
486.144  430.871   540.898
396.028  321.823   482.354
0  0   0
465.567  385.914   552.971
450.93  382.378   522.07
397.677  716.188   186.647
287.499  628.018   113.445
382.145  305.741   475.707
664.998  718.267   560.976
467.249  752.321   244.914
657.623  686.685   581.713
506.785  815.979   265.637
473.312  410.798   535.743
0  0   0
649.71  761.088   492.106
593.929  526.4   660.822
611.743  605.628   585.949
488.377  440.046   537.403
606.159  579.205   615.016
447.811  371.196   531.881
614.193  574.413   646.781
459.58  380.951   545.859
542.662  779.991   321.423
617.911  611.735   591.857
178.127  419.752   65.2267
307.498  243.313   389.285
0  0   0
378.67  302.961   471.381
565.815  813.27   335.137
497.5  458.159   541.106
502.48  462.745   546.523
321.388  672.509   131.786
597.917  580.364   591.06
492.241  453.88   533.181
556.898  517.301   593.792
682.489  837.642   487.334
601.054  567.364   622.706
559.935  528.549   580.105
703.462  759.813   593.423
0  0   0
677.216  686.912   625.033
662.073  691.331   585.649
703.722  760.093   593.642
352.744  292.393   418.966
484.611  420.605   548.533
457.491  779.549   226.483
544.924  783.243   322.764
778.186  873.453   623.241
519.646  480.464   559.212
378.284  346.893   412.923
310.897  650.555   127.484
491.422  451.924   536.057
619.523  799.371   416.071
670.813  752.935   537.247
487.687  473.37   482.094
776.258  838.44   654.831
0  0   0
481.918  443.809   524.158
553.651  561.578   510.989
483.17  428.235   537.589
528.072  493.87   556.092
387.25  314.69   471.663
633.15  777.087   452.103
657.229  709.876   554.421
436.398  743.608   216.041
618.969  759.682   441.977
464.176  402.869   525.403
459.406  429.651   483.782
559.248  583.962   494.693
559.931  517.711   602.564
280.943  219.818   362.419
517.901  474.925   565.325
586.098  842.424   347.151
358.375  286.723   446.116
585.704  559.66   594.263
485.823  402.705   577.03
598.094  564.569   619.639
517.604  478.575   557.014
669.377  751.323   536.097
500.672  456.207   547.751
683.773  767.482   547.626
file 34 : /data/pku/home/pengj/testvbs/data/for_analysis/2018_PUJetID/full_run2_2018_PUJetID_WGJJ_version8/210312_072157/0000/treePKU_7.root
LUMI : 59.74
btag value cut :  0.4184
Number of events to be analyzed : 6194
processing : [[32m[0m--------------------------------------------------]  [33m0%  p_event: 661992 n_event: 962[0m
475.907  421.797   529.508
536.971  496.483   577.857
427.835  729.017   211.802
664.168  717.37   560.275
520.956  792.297   289.987
661.033  654.426   633.161
546.528  503.935   591.981
671.293  664.583   642.988
443.575  376.141   513.555
590.17  563.927   598.794
551.292  515.587   580.544
514.899  474.772   557.723
434.253  359.957   515.777
521.48  482.16   561.186
496.464  457.773   537.754
662.263  655.643   634.339
621.51  593.874   630.591
0  0   0
486.893  829.649   241.039
262.104  205.078   338.117
510.84  470.443   555.615
236.529  516.677   93.3328
400.616  760.868   179.02
511.122  471.289   553.631
473.802  435.72   516.837
723.208  811.745   579.21
529.473  488.21   573.509
153.044  122.941   194.648
571.555  777.519   360.537
326.041  651.112   139.306
593.487  560.22   614.866
649.746  678.459   574.745
455.671  395.487   515.776
551.222  512.029   587.741
488.469  449.208   532.836
587.545  688.266   445.02
621.528  603.282   614.4
414.998  337.239   505.459
0  0   0
627.312  636.294   578.975
525.5  488.135   560.314
400.997  325.861   488.406
268.139  209.801   345.903
380.308  342.672   418.486
600.022  774.209   402.975
351.064  277.785   444.438
484.508  446.749   524.804
500.608  681.006   315.784
476.655  724.92   265.327
460.792  419.868   504.12
544.586  505.865   580.665
615.428  597.361   608.37
514.384  475.599   553.55
469.325  431.602   511.953
622.6  894.89   368.772
636.164  745.219   481.846
485.779  430.547   540.492
661.911  714.933   558.371
488.184  450.139   528.786
596.803  811.866   376.464
628.236  621.957   601.747
599.396  572.743   608.154
485.352  446.971   527.893
520.288  479.144   565.891
406.344  344.57   470.45
438.515  747.214   217.089
622.384  594.709   631.479
554.069  753.732   349.507
463.388  704.743   257.942
511.669  475.287   545.567
334.48  667.966   142.912
682.359  737.019   575.621
543.179  507.999   572
466.599  427.88   509.325
668.839  662.154   640.637
674.734  790.401   511.059
375.231  345.071   409.312
449.344  389.995   508.614
671.204  753.374   537.56
674.738  704.556   596.852
587.539  549.485   618.713
162.453  439.387   49.6636
704.521  790.77   564.243
582.773  550.107   603.766
617.917  599.777   610.831
656.01  665.403   605.461
668.129  721.649   563.616
670.95  753.089   537.357
287.149  545.367   128.316
592.935  566.569   601.598
459.782  399.055   520.429
656.285  649.725   628.613
549.116  506.321   594.785
560.146  805.123   331.78
0  0   0
613.726  718.936   464.851
679.057  672.27   650.425
705.591  791.971   565.101
429.028  348.64   522.547
495.89  451.849   542.518
676.228  792.152   512.191
334.783  264.902   423.826
556.447  799.806   329.589
510.49  776.379   284.161
289.442  227.409   370.713
483.749  440.787   529.236
509.465  774.82   283.591
501.276  463.479   539.444
336.774  672.546   143.892
427.794  354.604   508.106
540.682  479.208   601.579
650.143  702.222   548.444
660.225  713.112   556.949
488.122  450.081   528.718
605.765  578.829   614.617
618.759  584.076   641.049
617.386  582.779   639.626
371.698  329.437   413.562
632.569  641.627   583.827
583.955  839.344   345.882
476.309  438.643   518.058
334.29  264.513   423.203
488.494  414.231   565.56
491.921  453.584   532.833
484.805  436.828   533.473
553.229  517.398   582.583
file 35 : /data/pku/home/pengj/testvbs/data/for_analysis/2018_PUJetID/full_run2_2018_PUJetID_WGJJ_version8/210312_072157/0000/treePKU_8.root
LUMI : 59.74
btag value cut :  0.4184
Number of events to be analyzed : 781
processing : [[32m[0m--------------------------------------------------]  [33m0%  p_event: 667585 n_event: 969[0m
462.316  383.219   549.109
510.268  471.793   549.12
243.14  552.472   92.4407
734.373  793.2   619.499
475.045  436.863   518.192
146.389  117.595   186.184
342.563  271.059   433.676
301.937  241.569   375.861
633.128  626.8   606.433
484.815  447.032   525.136
461.45  424.96   501.897
487.136  403.793   578.589
533.845  481.014   587.436
232.751  181.702   301.463
489.78  454.955   522.228
623.887  805.002   419.002
file 36 : /data/pku/home/pengj/testvbs/data/for_analysis/2018_PUJetID/full_run2_2018_PUJetID_WGJJ_version8/210312_072157/0000/treePKU_9.root
LUMI : 59.74
btag value cut :  0.4184
Number of events to be analyzed : 1444
processing : [[32m[0m--------------------------------------------------]  [33m0%  p_event: 677570 n_event: 982[0m
503.673  463.843   547.82
534.14  504.199   553.381
212.243  500.146   77.7194
390.498  703.26   183.278
669.21  662.521   640.993
472.436  425.683   519.862
362.566  688.602   162.017
571.926  528.802   615.473
740.255  867.154   560.686
715.244  708.095   685.086
494.612  453.568   539.903
573.521  548.019   581.901
395.464  321.365   481.667
556.514  516.944   593.383
271.815  593.758   107.257
646.565  627.584   639.15
645.634  724.674   517.082
599.083  572.444   607.836
647.83  795.104   462.585
453.219  384.318   524.72
420.089  386.869   456.91
723.248  755.209   639.762
478.357  687.563   283.335
394.666  710.766   185.234
736.21  862.416   557.623
549.983  519.155   569.795
718.182  926.671   482.331
262.906  205.706   339.152
405.69  770.505   181.287
484.978  780.867   254.207
317.931  665.274   130.368
661.168  690.386   584.848
310.186  619.449   132.532
528.083  488.264   568.291
478.483  440.427   521.528
0  0   0
677570 982
hist_
hist_pileup_up
hist_pileup_down
hist_L1_up
hist_L1_down
hist_photon_ID_up
hist_photon_ID_down
hist_electron_ID_up
hist_electron_ID_down
hist_electron_Reco_up
hist_electron_Reco_down
hist_electron_HLT_up
hist_electron_HLT_down
hist_muon_ID_up
hist_muon_ID_down
hist_muon_iso_up
hist_muon_iso_down
hist_muon_HLT_up
hist_muon_HLT_down
hist_fakephoton_up
hist_fakephoton_down
hist_btag_up
hist_btag_down
hist_pujet_up
hist_pujet_down
hist_pujet_mistag_up
hist_pujet_mistag_down
hist_fakelepton_up
hist_fakelepton_down


time start : 2021-04-27 17:15:53
time end   : 2021-04-27 17:16:35
