WARNING: Release CMSSW_9_3_4 is not available for architecture slc6_amd64_gcc700.
         Developer's area is created for available architecture slc6_amd64_gcc630.
[34myear             : 2018[0m
[34mregion           : control region[0m
[34mchannel          : muon channel[0m
[34mbarrel_or_endcap : barrel[0m
[34mtype             : mc[0m
[34msample           : WGJJ[0m
[34mbtag workpoint   : medium[0m
[34mpujet workpoint   : T[0m
[34minput file list  : filelist_dir3/tight_for_analysis_WGJJ.txt[0m
[34moutput file      : test_unfolding1/2018_muon_mc_control_barrel_WGJJ.root[0m

start load Btag info!
Btag info has been loaded!
file 1 : /data/pku/home/pengj/testvbs/data/for_analysis/2018_PUJetID/full_run2_2018_PUJetID_WGJJ_version8/210312_072157/0000/treePKU_1.root
LUMI : 59.74
btag value cut :  0.4184
Number of events to be analyzed : 2013
processing : [[32m[0m--------------------------------------------------]  [33m0%  p_event: 13984 n_event: 15[0m
654.515  635.301   647.009
352.151  703.255   150.462
459.185  782.435   227.322
697.721  728.555   617.182
604.423  577.546   613.254
453.233  393.371   513.015
636.222  617.545   628.926
352.092  278.598   445.739
668.418  862.461   448.91
378.8  307.823   461.371
662.346  655.726   634.418
456.102  378.069   541.729
521.946  481.27   565.356
695.97  781.172   557.395
698.687  708.691   644.85
760.096  853.148   608.753
499.801  459.629   545.196
418.929  754.463   196.622
428.943  380.173   477.254
714.926  746.521   632.401
482.883  444.071   526.743
252.511  197.129   327.058
446.718  370.29   530.583
575.358  538.094   605.886
355.648  710.238   151.956
614.315  586.998   623.291
481.902  418.253   545.466
659.494  809.42   470.914
728.721  787.095   614.731
668.538  678.11   617.024
617.433  582.824   639.675
599.887  566.262   621.497
628.317  609.871   621.111
523.792  482.372   569.703
564.302  811.096   334.241
567.041  526.722   604.607
577.658  545.279   598.467
485.75  430.522   540.46
581.692  836.091   344.542
579.653  833.161   343.334
647.087  656.352   597.226
576.493  525.294   630.7
554.896  843.914   308.88
file 2 : /data/pku/home/pengj/testvbs/data/for_analysis/2018_PUJetID/full_run2_2018_PUJetID_WGJJ_version8/210312_072157/0000/treePKU_10.root
LUMI : 59.74
btag value cut :  0.4184
Number of events to be analyzed : 2634
processing : [[32m[0m--------------------------------------------------]  [33m0%  p_event: 32356 n_event: 42[0m
412.008  741.998   193.374
471.998  391.244   560.608
495.431  456.254   538.856
584.39  546.541   615.398
593.265  560.011   614.636
632.476  816.084   424.771
589.754  556.696   610.998
663.776  814.675   473.972
292.142  611.311   119.794
513.683  468.062   561.985
576.671  828.874   341.567
473.13  392.183   561.953
576.262  538.939   606.838
524.358  844.273   274.849
72.6301  277.282   14.2769
457.485  397.061   517.828
483.894  419.982   547.721
490.663  416.071   568.072
712.628  799.869   570.736
505.827  466.407   547.896
451.368  812.883   211.847
628.681  855.231   396.572
112.29  382.407   25.2163
706.1  960.549   445.408
630.167  611.668   622.94
580.563  627.068   489.748
246.998  561.239   93.9076
611.538  831.911   385.759
671.259  786.331   508.428
242.24  189.11   313.754
421.113  758.395   197.647
533.598  493.364   574.226
562.299  476.816   651.009
453.847  376.199   539.05
637.78  619.057   630.466
670.743  700.384   593.318
607.581  826.528   383.263
465.197  394.476   538.588
670.981  680.588   619.278
506.75  456.601   557.621
600.603  863.273   355.743
513.634  474.905   552.742
565.7  523.045   608.772
753.121  813.449   635.314
398.721  366.673   434.936
279.467  218.664   360.516
521.121  484.068   555.646
535.92  495.51   576.725
501.744  462.642   543.473
696.068  726.829   615.72
126.07  369.771   34.35
353.854  279.992   447.969
657.06  637.771   649.525
694.695  852.623   496.049
679.329  795.785   514.54
639.599  620.822   632.264
file 3 : /data/pku/home/pengj/testvbs/data/for_analysis/2018_PUJetID/full_run2_2018_PUJetID_WGJJ_version8/210312_072157/0000/treePKU_11.root
LUMI : 59.74
btag value cut :  0.4184
Number of events to be analyzed : 3350
processing : [[32m[0m--------------------------------------------------]  [33m0%  p_event: 55913 n_event: 83[0m
532.129  490.049   578.77
659.364  652.773   631.562
502.908  461.176   548.959
484.536  420.539   548.447
549.25  510.197   585.638
506.921  466.835   551.353
512.262  469.754   559.169
250.056  568.186   95.0701
602.363  584.68   595.455
753.369  845.598   603.365
294.365  615.962   120.705
715.41  802.992   572.964
576.951  544.611   597.734
504.254  464.956   546.193
498.248  458.201   543.503
680.251  710.313   601.729
655.066  625.938   664.638
615.827  624.645   568.375
671.059  823.613   479.172
517.416  466.211   569.358
438.416  395.029   482.427
665.851  646.304   658.215
626.802  769.295   447.57
322.259  674.329   132.143
563.181  523.138   600.492
704.02  790.208   563.843
503.981  463.897   549.319
230.856  544.007   84.535
620.929  844.686   391.683
632.195  860.011   398.789
550.332  508.836   592.235
481.385  442.693   525.108
387.3  309.865   482.124
501.295  456.775   548.432
540.293  821.705   300.751
356.974  295.9   423.991
431.517  350.663   525.579
609.201  582.112   618.102
551.664  512.439   588.212
498.511  432.668   564.266
281.763  220.46   363.477
296.748  620.948   121.682
616.35  581.802   638.553
454.063  376.378   539.307
file 4 : /data/pku/home/pengj/testvbs/data/for_analysis/2018_PUJetID/full_run2_2018_PUJetID_WGJJ_version8/210312_072157/0000/treePKU_12.root
LUMI : 59.74
btag value cut :  0.4184
Number of events to be analyzed : 6714
processing : [[32m[0m--------------------------------------------------]  [33m0%  p_event: 103238 n_event: 155[0m
479.743  425.198   533.776
672.97  726.877   567.7
680.515  835.22   485.924
510.67  469.624   557.053
620.18  585.417   642.521
618.013  590.532   627.043
670.71  680.313   619.028
540.175  501.767   575.962
343.759  686.495   146.876
618.088  611.91   592.026
528.504  488.654   568.745
627.509  592.335   650.113
665.519  746.993   533.007
663.434  856.029   445.562
386.013  308.836   480.522
642.307  613.746   651.693
349.439  276.499   442.38
509.569  468.612   555.852
305.923  640.147   125.444
575.14  542.901   595.858
629.581  611.098   622.36
655.317  648.767   627.686
673.414  826.504   480.854
584.641  754.363   392.645
549.725  506.883   595.445
625.685  585.161   658.883
688.61  743.771   580.894
528.666  486.619   576.225
651.594  645.081   624.12
506.607  461.614   554.243
686.684  804.4   520.11
324.591  255.024   415.731
552.895  794.701   327.485
530.039  488.124   576.497
198.909  155.676   258.047
533.373  493.156   573.985
702.625  758.908   592.716
680.081  796.665   515.109
533.455  491.882   577.822
596.764  811.813   376.439
503.217  462.77   548.923
476.454  811.861   235.871
189.908  478.942   64.0472
666.699  818.262   476.059
520.949  792.286   289.983
626.368  598.515   635.52
493.326  437.236   548.889
523.062  481.02   570.57
490.883  451.427   535.468
641.03  622.212   633.679
678.821  672.036   650.198
548.274  509.29   584.598
217.795  169.937   282.659
564.885  811.934   334.587
572.176  546.734   580.537
509.272  469   553.91
689.19  807.336   522.009
383.977  729.268   171.585
594.107  560.805   615.508
682.335  675.514   653.564
695.063  705.015   641.505
563.034  526.567   592.908
558.057  518.378   595.028
638.915  632.529   611.975
615.894  837.836   388.506
457.056  387.573   529.163
485.688  388.582   604.6
758.234  735.975   749.538
419.484  340.884   510.923
495.045  438.759   550.801
630.97  814.141   423.759
692.337  722.932   612.419
608.73  581.662   617.624
540.558  502.122   576.37
624.915  806.329   419.693
532.636  491.126   576.935
670.335  663.635   642.07
385.114  731.427   172.093
679.101  833.484   484.915
456.13  370.664   555.557
482.26  427.428   536.577
272.604  595.481   107.568
465.302  419.255   512.012
597.283  563.804   618.799
487.248  422.893   551.518
600.579  863.238   355.728
506.701  466.632   551.113
472.916  401.022   547.525
369.296  701.385   165.024
486.136  447.693   528.746
505.921  465.913   550.265
525.668  488.291   560.493
523.526  480.083   571.465
613.26  585.991   622.221
656.231  685.232   580.482
189.656  149.864   244.601
500.263  460.475   545.267
488.075  449.256   531.982
376.687  715.421   168.327
678.849  672.064   650.225
653.834  647.299   626.266
701.501  711.545   647.447
458.143  422.439   496.246
584.965  552.176   606.037
635.195  819.593   426.597
675.345  791.118   511.523
669.178  678.759   617.614
495.286  438.973   551.069
495.887  454.738   541.295
427.076  347.054   520.17
558.019  518.342   594.987
601.518  574.771   610.307
711.814  833.837   539.144
649.326  883.315   409.595
492.29  452.722   537.004
568.402  525.543   611.68
file 5 : /data/pku/home/pengj/testvbs/data/for_analysis/2018_PUJetID/full_run2_2018_PUJetID_WGJJ_version8/210312_072157/0000/treePKU_13.root
LUMI : 59.74
btag value cut :  0.4184
Number of events to be analyzed : 2662
processing : [[32m[0m--------------------------------------------------]  [33m0%  p_event: 121814 n_event: 177[0m
483.586  778.626   253.477
430.045  732.783   212.896
714.453  801.918   572.198
649.36  796.982   463.678
700.774  680.201   692.737
470.106  801.045   232.729
598.987  860.949   354.785
572.696  535.604   603.083
494.709  455.588   538.07
461.869  663.864   273.569
486.659  829.25   240.923
656.397  805.619   468.703
624.356  596.593   633.479
708.116  701.038   678.258
493.849  454.155   538.704
540.237  497.516   587.59
451.019  382.453   522.174
814.474  806.333   780.132
588.874  547.003   627.887
588.953  550.808   620.202
559.517  804.219   331.407
679.727  796.25   514.841
588.464  555.479   609.662
522.096  794.03   290.622
379.111  720.027   169.41
617.705  590.238   626.731
641.132  634.724   614.099
557.363  847.665   310.253
522.007  481.325   565.421
712.594  834.751   539.735
600.016  573.336   608.784
490.41  449.715   535.316
546.237  505.05   587.827
542.358  665.655   387.273
715.308  772.607   603.415
610.27  830.185   384.958
554.076  680.036   395.64
643.131  789.337   459.23
772.855  867.47   618.972
518.366  788.357   288.545
469.015  397.713   543.009
536.728  816.283   298.767
466.924  413.836   519.514
731.808  724.494   700.952
705.761  698.707   676.003
file 6 : /data/pku/home/pengj/testvbs/data/for_analysis/2018_PUJetID/full_run2_2018_PUJetID_WGJJ_version8/210312_072157/0000/treePKU_14.root
LUMI : 59.74
btag value cut :  0.4184
Number of events to be analyzed : 1042
processing : [[32m[0m--------------------------------------------------]  [33m0%  p_event: 129205 n_event: 186[0m
379.597  720.949   169.627
663.763  777.549   502.749
282.256  616.564   111.376
506.787  449.167   563.866
483.757  445.281   527.275
709.684  719.846   655
637.89  823.07   428.407
807.962  843.668   714.698
262.34  596.098   99.7403
638.788  647.935   589.567
610.444  830.423   385.069
490.655  451.218   535.22
669.077  649.435   661.404
545.791  503.256   591.183
669.927  723.591   565.133
707.276  738.532   625.634
file 7 : /data/pku/home/pengj/testvbs/data/for_analysis/2018_PUJetID/full_run2_2018_PUJetID_WGJJ_version8/210312_072157/0000/treePKU_15.root
LUMI : 59.74
btag value cut :  0.4184
Number of events to be analyzed : 9881
processing : [[32m[0m--------------------------------------------------]  [33m0%  p_event: 198902 n_event: 282[0m
543.977  502.96   585.395
524.697  483.806   568.335
514.284  473.381   560.549
153.512  125.874   191.124
579.796  547.296   600.681
597.186  570.632   605.912
673.515  826.628   480.926
534.026  493.759   574.687
536.65  816.164   298.723
665.642  779.751   504.173
558.704  522.518   588.349
156.078  438.823   45.1319
650.542  839.395   436.904
649.646  643.153   622.254
545.009  503.914   586.506
500.35  461.357   541.964
473.298  410.786   535.728
693.192  812.023   525.04
600.829  567.151   622.473
250.923  195.888   325
269.88  589.53   106.493
604.291  561.324   644.325
307.628  241.697   394.005
632.384  596.937   655.164
729.791  819.133   584.482
479.899  441.327   523.487
591.843  805.118   373.335
657.195  894.021   414.559
579.81  547.31   600.697
709.742  688.906   701.602
690.279  700.163   637.09
531.524  855.811   278.605
630.333  602.305   639.544
404.999  324.026   504.157
557.564  517.919   594.503
690.129  745.411   582.175
494.512  454.765   539.428
699.761  819.719   530.016
672.129  867.248   451.401
501.51  461.623   546.626
572.987  1031.91   268.929
678.536  794.855   513.939
631.281  624.971   604.663
515.93  475.722   558.839
474.989  420.984   528.487
667.59  861.392   448.353
519.894  473.721   568.779
663.087  744.263   531.059
499.755  460.007   544.712
672.86  682.494   621.013
520.142  479.01   565.733
696.47  689.509   667.104
584.376  540.313   628.871
487.031  446.616   531.628
653.636  889.18   412.314
606.448  579.481   615.309
406.886  732.774   190.97
494.734  438.484   550.456
639.595  620.818   632.26
635.005  819.348   426.469
530.816  486.768   579.423
620.435  614.233   594.274
209.105  163.156   271.381
694.768  704.716   641.233
551.758  510.154   593.769
494.208  453.198   539.463
764.914  858.557   612.612
565.753  529.11   595.771
536.285  494.49   580.887
638.851  610.444   648.186
493.855  454.802   537.142
598.897  565.328   620.471
453.26  772.34   224.389
652.883  801.306   466.193
547.913  506.599   589.631
415.309  668.693   217.689
649.607  729.133   520.263
642.098  623.248   634.734
555.85  519.849   585.343
507.511  466.719   553.607
478.953  424.498   532.897
514.163  446.253   581.983
638.305  868.323   402.643
802.544  1035.52   538.988
526.068  484.467   572.178
468.973  407.032   530.832
485.088  442.006   530.7
513.419  473.407   556.12
341.75  649.069   152.715
651.73  632.598   644.256
674.706  917.842   425.605
500.343  455.906   547.39
660.974  641.57   653.394
339.48  677.951   145.048
544.748  782.989   322.659
637.521  631.149   610.64
484.15  447.644   521.013
685.584  715.881   606.446
667.408  660.737   639.267
570.254  533.32   600.512
646.642  640.179   619.377
590.103  541.135   644.138
318.674  250.376   408.153
627.806  621.531   601.335
202.773  158.7   263.06
488.779  449.493   533.173
601.966  818.89   379.721
519.554  460.482   578.071
357.179  713.295   152.61
608.634  590.767   601.655
521.963  470.308   574.361
240.596  525.561   94.9377
698.66  818.429   529.182
454.83  775.015   225.166
478.256  435.781   523.226
492.077  436.129   547.499
575.565  534.641   613.697
636.853  608.534   646.158
459.214  389.402   531.661
453.644  402.066   504.738
545.352  502.227   593.153
620.138  601.933   613.027
698.461  818.196   529.031
632.077  603.971   641.313
406.618  732.292   190.844
723.583  847.624   548.059
553.179  513.846   589.827
607.814  580.787   616.695
667.253  720.703   562.878
516.515  475.67   561.788
512.63  454.345   570.367
511.124  460.542   562.434
562.044  519.665   604.838
696.49  727.269   616.093
492.19  443.482   541.6
222.776  524.966   81.5761
671.036  786.07   508.259
624.351  700.786   500.036
449.454  765.854   222.505
151.49  409.735   46.312
546.142  830.6   304.007
629.003  593.746   651.662
681.62  711.742   602.94
476.215  766.758   249.614
504.11  811.672   264.235
546.452  785.439   323.669
521.115  484.062   555.639
352.391  286.362   429.205
654.553  663.925   604.116
687.399  771.552   550.531
479.282  406.419   554.895
546.374  507.525   582.571
512.149  461.465   563.562
637.005  618.305   629.7
631.584  625.271   604.954
526.516  485.483   570.305
file 8 : /data/pku/home/pengj/testvbs/data/for_analysis/2018_PUJetID/full_run2_2018_PUJetID_WGJJ_version8/210312_072157/0000/treePKU_16.root
LUMI : 59.74
btag value cut :  0.4184
Number of events to be analyzed : 5651
processing : [[32m[0m--------------------------------------------------]  [33m0%  p_event: 239236 n_event: 343[0m
506.733  468.525   545.316
444.896  368.78   528.419
255.737  581.095   97.23
509.94  468.953   556.256
173.382  452.418   55.7962
492.299  452.73   537.014
680.325  673.525   651.639
660.28  640.896   652.708
592.321  559.12   613.658
380.296  722.276   169.94
465.137  427.751   507.385
529.267  487.172   576.879
656.164  708.725   553.523
517.826  478.781   557.254
521.235  480.614   564.586
248.739  194.184   322.172
575.687  534.754   613.826
190.275  479.868   64.1711
460.57  430.74   485.008
502.691  809.387   263.492
637.265  866.908   401.987
344.342  272.466   435.928
455.011  385.839   526.796
483.289  444.444   527.185
343.661  686.299   146.834
446.502  760.824   221.043
520.726  477.516   568.409
539.225  496.584   586.489
478.442  415.25   541.55
581.824  791.488   367.015
397.183  754.349   177.486
655.543  845.847   440.262
491.523  634.213   330.107
555.767  516.25   592.587
572.254  535.191   602.618
650.618  644.115   623.185
497.257  457.289   542.422
428.504  348.214   521.91
535.508  495.13   576.282
476.057  421.931   529.675
618.974  591.451   628.019
556.437  531.694   564.567
602.916  820.182   380.32
649.21  642.721   621.836
552.728  513.428   589.346
679.085  795.498   514.355
651.489  703.676   549.579
615.427  588.061   624.419
654.061  843.936   439.267
501.551  462.463   543.264
600.718  567.046   622.358
521.81  481.144   565.208
504.637  464.731   548.869
524.273  482.815   570.226
592.959  806.637   374.039
632.866  776.738   451.9
687.099  742.138   579.619
627.442  609.023   620.247
571.796  546.37   580.151
539.356  496.704   586.631
655.391  636.151   647.875
285.571  223.44   368.39
600.793  574.078   609.571
555.752  519.758   585.24
667.536  819.29   476.657
461.305  786.047   228.371
344.514  688.003   147.199
687.456  771.616   550.576
492.848  453.235   537.612
432.57  351.518   526.861
589.237  542.373   642.245
414.709  337.004   505.107
659.579  652.986   631.768
634.808  616.173   627.528
493.25  437.168   548.804
661.942  742.979   530.143
523.979  482.305   571.116
601.489  567.773   623.156
699.928  755.995   590.441
515.537  474.77   560.725
620.715  844.395   391.548
654.06  766.184   495.401
586.036  544.367   624.861
643.376  722.14   515.274
416.712  338.632   507.547
716.034  773.391   604.028
600.579  566.915   622.213
610.391  877.342   361.54
489.347  452.449   526.606
636.374  630.014   609.542
541.16  502.682   577.012
405.938  324.777   505.326
412.812  379.632   450.306
655.738  942.52   388.4
565.137  812.295   334.736
461.493  382.537   548.131
557.145  847.333   310.131
490.005  434.293   545.194
596.43  557.801   628.076
639.798  633.403   612.821
file 9 : /data/pku/home/pengj/testvbs/data/for_analysis/2018_PUJetID/full_run2_2018_PUJetID_WGJJ_version8/210312_072157/0000/treePKU_17.root
LUMI : 59.74
btag value cut :  0.4184
Number of events to be analyzed : 795
processing : [[32m[0m--------------------------------------------------]  [33m0%  p_event: 244829 n_event: 350[0m
553.881  510.716   599.947
531.749  491.654   572.237
546.911  831.77   304.435
516.99  476.7   559.988
514.792  474.672   557.606
592.518  851.652   350.954
526.921  487.191   567.041
687.329  742.387   579.813
409.496  332.767   498.757
458.11  428.44   482.418
file 10 : /data/pku/home/pengj/testvbs/data/for_analysis/2018_PUJetID/full_run2_2018_PUJetID_WGJJ_version8/210312_072157/0000/treePKU_18.root
LUMI : 59.74
btag value cut :  0.4184
Number of events to be analyzed : 6915
processing : [[32m[0m--------------------------------------------------]  [33m0%  p_event: 293348 n_event: 429[0m
614.577  587.249   623.557
526.567  485.53   570.36
610.061  829.902   384.827
531.021  488.787   578.792
655.073  707.547   552.603
653.636  634.448   646.14
517.974  471.972   566.679
506.195  815.029   265.328
678.123  832.283   484.216
572.083  540.016   592.691
578.14  532.421   628.814
668.424  677.994   616.919
663.321  672.818   612.209
511.697  470.569   558.173
256.593  200.315   332.345
678.875  672.09   650.251
282.365  220.931   364.254
523.181  476.717   572.376
461.263  420.297   504.635
609.48  829.112   384.461
709.59  719.75   654.913
516.549  475.466   563.018
679.84  689.574   627.455
497.995  456.671   543.596
545.247  506.478   581.37
579.197  546.731   600.061
368.555  699.978   164.693
645.187  609.022   668.428
526.412  486.72   566.494
561.774  854.373   312.708
671.102  664.394   642.805
487.992  448.769   532.315
538.304  495.735   585.486
294.204  615.624   120.639
641.806  596.171   684.325
566.014  523.336   609.111
691.805  747.221   583.589
360.068  284.909   455.836
529.619  489.684   569.944
661.359  811.709   472.246
675.785  919.31   426.286
690.607  847.606   493.13
472.389  434.818   514.885
683.826  801.052   517.946
683.99  714.217   605.036
477.994  769.623   250.546
530.926  470.561   590.724
542.205  665.467   387.163
491.829  452.298   536.501
590.228  557.144   611.49
209.492  510.914   73.7397
550.406  508.904   592.314
620.134  647.538   548.55
405.432  324.372   504.695
681.753  765.215   546.009
484.921  429.787   539.538
727.899  760.066   643.876
280.164  611.995   110.551
392.789  314.257   488.957
540.887  498.114   588.296
657.106  769.752   497.708
498.103  458.067   543.344
722.386  780.252   609.386
618.108  590.624   627.14
552.529  794.173   327.268
666.506  695.96   589.57
508.342  458.035   559.373
489.617  424.949   554.199
372.03  742.954   158.956
651.918  632.78   644.441
471.246  432.141   514.397
277.954  631.577   105.677
498.742  422.921   577.425
613.311  586.039   622.273
672.047  624.262   716.57
522.58  481.017   569.591
515.594  474.586   561.976
513.029  462.259   564.531
657.511  638.208   649.97
648.703  629.659   641.264
418.515  346.912   497.085
169.068  133.595   218.048
692.736  777.543   554.805
file 11 : /data/pku/home/pengj/testvbs/data/for_analysis/2018_PUJetID/full_run2_2018_PUJetID_WGJJ_version8/210312_072157/0000/treePKU_19.root
LUMI : 59.74
btag value cut :  0.4184
Number of events to be analyzed : 10058
processing : [[32m[0m--------------------------------------------------]  [33m0%  p_event: 364022 n_event: 549[0m
534.253  493.969   574.931
559.021  803.505   331.113
512.965  471.735   559.556
662.808  813.487   473.28
524.982  484.069   568.645
536.06  495.64   576.876
676.054  705.93   598.016
551.534  888.03   289.093
613.896  586.598   622.866
496.771  456.842   541.891
614.048  579.629   636.168
504.518  812.329   264.449
677.223  657.342   669.456
671.172  680.782   619.455
429.701  396.213   465.438
572.648  779.006   361.227
524.443  487.153   559.187
608.213  581.169   617.101
600.779  648.904   506.802
691.239  701.137   637.976
547.151  511.713   576.182
683.743  676.908   654.913
273.499  597.435   107.921
568.917  817.73   336.975
639.405  620.635   632.073
569.647  818.778   337.407
515.401  456.802   573.45
561.148  585.947   496.374
510.454  469.855   556.374
638.916  824.394   429.096
583.073  545.309   614.011
280.12  611.899   110.534
490.65  451.214   535.215
501.832  460.189   547.784
468.499  397.276   542.412
582.46  544.735   613.365
478.855  424.41   532.788
478.54  415.336   541.661
514.492  473.14   561.223
387.374  309.925   482.216
588.745  555.744   609.953
453.472  772.701   224.494
765.902  827.254   646.096
473.903  411.311   536.413
705.996  716.105   651.596
389.235  311.414   484.533
526.208  486.531   566.274
682.488  766.039   546.597
706.119  792.564   565.523
156.22  125.492   198.687
722.123  810.527   578.341
208.048  507.39   73.2311
678.653  708.644   600.315
605.229  545.334   665.986
615.051  587.702   624.038
560.173  523.892   589.896
372.151  706.806   166.3
652.976  646.449   625.444
253.588  576.212   96.413
513.632  473.015   558.652
637.226  618.519   629.918
410.405  739.112   192.622
343.71  271.966   435.128
604.892  780.492   406.245
433.167  738.102   214.442
585.069  547.176   616.113
702.34  758.601   592.477
695.753  853.921   496.805
533.098  492.902   573.689
536.023  495.606   576.836
447.396  805.73   209.983
699.059  755.056   589.708
570.324  524.483   622.125
154.19  417.038   47.1374
490.097  425.366   554.742
655.136  635.903   647.623
418.128  339.782   509.271
540.233  498.131   585.163
217.982  170.083   282.903
533.682  811.65   297.071
637.457  631.086   610.579
497.589  453.397   544.377
695.283  780.401   556.845
503.328  463.296   548.607
508.872  451.014   566.185
363.915  287.953   460.706
637.25  608.914   646.561
702.545  695.523   672.923
657.495  848.367   441.574
510.074  471.613   548.911
546.162  507.328   582.345
473.868  419.99   527.239
565.311  528.698   595.307
493.596  444.748   543.146
671.328  700.996   593.836
525.411  488.052   560.219
672.921  666.195   644.548
478.59  415.379   541.717
342.253  683.488   146.233
670.178  663.479   641.92
503.516  463.045   549.249
577.045  539.671   607.663
517.779  478.737   557.203
285.858  624.432   112.798
466.569  404.946   528.111
595.775  562.38   617.237
670.605  700.241   593.196
585.958  842.223   347.068
397.571  329.551   472.209
575.836  981.206   285.071
591.724  558.556   613.04
637.728  609.371   647.047
427.276  347.216   520.413
607.737  573.672   629.63
699.967  660.732   725.182
449.834  766.502   222.693
689.951  720.441   610.308
619.475  591.929   628.526
573.529  536.383   603.96
377.928  717.78   168.882
517.685  476.747   563.06
357.641  714.219   152.808
407.099  330.82   495.838
627.619  599.711   636.789
477.801  438.152   521.552
638.053  619.322   630.736
377.42  347.085   411.701
560.313  515.277   611.205
560.483  520.631   597.615
464.42  393.817   537.688
660.643  741.521   529.103
514.475  473.791   559.569
633.814  605.631   643.075
616.84  839.124   389.103
590.94  849.383   350.019
507.468  466.68   553.561
601.716  864.873   356.402
638.54  823.909   428.843
668.028  819.894   477.008
363.957  291.189   453.065
678.561  761.632   543.452
504.977  767.994   281.092
517.551  477.217   560.595
273.283  545.754   116.764
505.331  447.876   562.246
518  834.035   271.516
459.277  380.7   545.499
596.831  811.904   376.482
588.111  550.021   619.317
682.433  712.591   603.659
608.634  581.571   617.528
402.393  724.682   188.861
531.088  487.018   579.719
570.384  533.442   600.649
540.74  499.967   581.912
509.721  467.424   556.396
688.089  681.211   659.076
472.193  804.601   233.762
566.419  529.734   596.473
714.746  746.333   632.242
546.649  505.43   588.271
processing : [[32m>>>>>>>>>>>>>>>>>>>>>>>>>>>>>>>>>>>>>>>>>>>>>>>>>[0m-]  [33m99.4233%  p_event: 364022 n_event: 549[0m
file 12 : /data/pku/home/pengj/testvbs/data/for_analysis/2018_PUJetID/full_run2_2018_PUJetID_WGJJ_version8/210312_072157/0000/treePKU_2.root
LUMI : 59.74
btag value cut :  0.4184
Number of events to be analyzed : 3492
processing : [[32m[0m--------------------------------------------------]  [33m0%  p_event: 387984 n_event: 585[0m
572.786  535.688   603.178
153.766  126.082   191.439
671.556  786.678   508.652
681.285  798.075   516.021
493.191  453.551   537.987
651.912  680.722   576.661
561.727  521.786   598.941
486.216  447.545   529.956
657.681  848.606   441.698
310.649  650.036   127.382
693.754  686.82   664.502
567.141  815.176   335.923
695.771  751.505   586.934
579.446  535.754   623.565
559.127  519.371   596.169
563.289  856.678   313.552
485.045  444.795   529.46
681.123  735.684   574.578
537.236  817.055   299.049
478.547  405.796   554.045
672.26  665.541   643.915
511.252  470.823   556.064
398.435  756.726   178.045
495.408  455.589   540.404
662.427  632.971   672.106
700.63  680.062   692.595
547.831  508.879   584.125
667.432  696.927   590.389
615.462  588.095   624.455
531.717  487.594   580.406
659.297  809.178   470.774
572.425  540.339   593.045
678.802  708.8   600.447
487.605  423.203   551.921
298.926  234.86   382.86
627.712  592.527   650.324
367.384  697.753   164.17
688.432  743.578   580.743
590.968  564.69   599.603
708.54  739.852   626.752
549.653  790.04   325.564
703.593  672.307   713.873
674.626  704.439   596.753
555.97  514.049   598.302
584.951  552.163   606.023
627.146  608.735   619.954
372.565  707.594   166.485
357.156  713.249   152.6
698.101  856.804   498.482
468.662  380.847   570.821
592.804  852.063   351.123
516.297  474.799   563.191
611.217  593.274   604.207
499.24  459.761   542.999
515.576  486.676   534.148
file 13 : /data/pku/home/pengj/testvbs/data/for_analysis/2018_PUJetID/full_run2_2018_PUJetID_WGJJ_version8/210312_072157/0000/treePKU_20.root
LUMI : 59.74
btag value cut :  0.4184
Number of events to be analyzed : 1489
processing : [[32m[0m--------------------------------------------------]  [33m0%  p_event: 398173 n_event: 596[0m
479.42  436.842   524.499
570.829  972.673   282.592
397.032  317.652   494.239
476.13  421.996   529.756
684.421  694.221   631.683
547.211  503.939   595.175
562.4  808.362   333.115
503.186  810.184   263.751
551.91  510.295   593.933
712.836  769.937   601.33
736.224  703.487   746.981
490.791  416.179   568.22
471.283  424.644   518.593
638.631  619.883   631.307
524.055  484.541   563.957
561.066  853.297   312.314
490.413  441.881   539.644
504.286  459.5   551.705
610.745  576.51   632.745
536.813  494.978   581.459
468.992  381.116   571.223
655.412  605.993   705.316
499.74  459.573   545.131
536.189  491.695   585.287
675.917  705.787   597.895
632.515  626.193   605.845
590.828  564.556   599.461
file 14 : /data/pku/home/pengj/testvbs/data/for_analysis/2018_PUJetID/full_run2_2018_PUJetID_WGJJ_version8/210312_072157/0000/treePKU_21.root
LUMI : 59.74
btag value cut :  0.4184
Number of events to be analyzed : 1022
processing : [[32m[0m--------------------------------------------------]  [33m0%  p_event: 405765 n_event: 603[0m
689.911  699.79   636.75
482.014  443.677   525.376
671.997  681.619   620.217
542.55  500.267   587.673
674.652  684.311   622.667
578.308  540.853   608.993
568.045  531.254   598.185
658.362  667.789   607.632
483.476  445.244   525.853
614.581  580.132   636.72
457.941  379.593   543.913
537.151  445.251   637.993
514.413  473.066   561.136
540.232  734.909   340.778
677.168  686.864   624.989
366.453  624.423   181.414
539.473  496.813   586.759
466.985  405.307   528.582
460.446  390.447   533.088
624.252  596.494   633.374
file 15 : /data/pku/home/pengj/testvbs/data/for_analysis/2018_PUJetID/full_run2_2018_PUJetID_WGJJ_version8/210312_072157/0000/treePKU_22.root
LUMI : 59.74
btag value cut :  0.4184
Number of events to be analyzed : 175
processing : [[32m[0m--------------------------------------------------]  [33m0%  p_event: 406963 n_event: 605[0m
file 16 : /data/pku/home/pengj/testvbs/data/for_analysis/2018_PUJetID/full_run2_2018_PUJetID_WGJJ_version8/210312_072157/0000/treePKU_23.root
LUMI : 59.74
btag value cut :  0.4184
Number of events to be analyzed : 3921
processing : [[32m[0m--------------------------------------------------]  [33m0%  p_event: 434136 n_event: 632[0m
518.826  475.773   566.334
542.668  501.75   583.987
480.883  417.369   544.313
461.143  391.038   533.894
568.797  593.934   503.14
624.563  897.712   369.934
487.577  447.117   532.224
723.046  733.399   667.332
469.385  432.266   510.527
761.464  772.367   702.79
485.302  437.276   534.02
496.116  456.884   539.601
546.384  503.177   594.275
491.272  416.587   568.777
509.807  469.26   555.67
613.562  586.28   622.528
514.602  473.674   560.896
712.402  769.469   600.965
465.098  394.392   538.473
632.708  604.574   641.953
439.869  364.612   522.448
642.055  828.445   431.204
491.043  447.433   537.215
626.062  590.969   648.614
542.487  507.352   571.271
336.522  672.043   143.784
683.411  800.566   517.632
476.531  438.63   519.399
173.518  437.609   58.5199
654.043  617.382   677.603
450.364  390.881   509.768
454.635  385.519   526.36
695.371  726.101   615.103
618.613  600.453   611.519
651.046  644.538   623.595
671.004  680.611   619.3
657.93  848.928   441.866
360.407  719.743   153.989
470.462  398.941   544.684
690.882  775.461   553.32
421.852  759.727   197.994
636.79  608.474   646.095
536.294  495.857   577.128
704.914  761.38   594.647
691.359  701.258   638.087
198.913  155.68   258.053
484.736  441.686   530.316
623.994  589.017   646.472
423.172  343.881   515.415
493.502  449.673   539.906
449.177  372.328   533.503
513.351  454.984   571.169
583.771  794.137   368.243
720.994  884.901   514.829
538.202  503.344   566.759
463.366  392.923   536.468
743.908  803.498   627.542
674.986  790.697   511.25
618.889  591.369   627.932
file 17 : /data/pku/home/pengj/testvbs/data/for_analysis/2018_PUJetID/full_run2_2018_PUJetID_WGJJ_version8/210312_072157/0000/treePKU_24.root
LUMI : 59.74
btag value cut :  0.4184
Number of events to be analyzed : 375
processing : [[32m[0m--------------------------------------------------]  [33m0%  p_event: 436732 n_event: 636[0m
639.286  648.439   590.026
679.984  710.034   601.492
692.244  849.614   494.299
681.49  879.327   457.689
file 18 : /data/pku/home/pengj/testvbs/data/for_analysis/2018_PUJetID/full_run2_2018_PUJetID_WGJJ_version8/210312_072157/0000/treePKU_25.root
LUMI : 59.74
btag value cut :  0.4184
Number of events to be analyzed : 2379
processing : [[32m[0m--------------------------------------------------]  [33m0%  p_event: 453497 n_event: 670[0m
434.242  739.934   214.974
692.255  722.848   612.347
581.195  790.634   366.618
558.688  518.964   595.701
647.028  880.19   408.146
626.207  607.823   619.025
514.142  474.074   556.903
589.556  847.395   349.2
556.198  516.65   593.046
307.055  642.515   125.909
523.696  482.883   567.251
575.119  826.644   340.649
523.669  482.258   569.569
230.276  179.77   298.258
628.434  810.869   422.056
235.451  554.836   86.2178
680.931  835.73   486.221
817.829  958.027   619.443
598.79  556.214   638.46
577.032  829.393   341.781
679.877  763.11   544.507
234.168  182.712   303.909
652.615  633.457   645.131
530.283  492.578   565.414
584.431  551.672   605.484
646.13  793.017   461.371
471.382  409.122   533.558
591.216  558.076   612.513
799.369  834.695   707.096
209.957  512.047   73.9032
267.658  560.077   109.754
688.383  743.525   580.702
293.612  614.385   120.396
476.154  437.882   519.401
598.711  814.461   377.667
699.816  785.489   560.475
503.035  463.027   548.288
706.142  699.084   676.368
629.174  601.197   638.367
file 19 : /data/pku/home/pengj/testvbs/data/for_analysis/2018_PUJetID/full_run2_2018_PUJetID_WGJJ_version8/210312_072157/0000/treePKU_26.root
LUMI : 59.74
btag value cut :  0.4184
Number of events to be analyzed : 747
processing : [[32m[0m--------------------------------------------------]  [33m0%  p_event: 458889 n_event: 678[0m
515.375  456.778   573.421
533.747  811.749   297.107
257.417  584.913   97.8688
670.598  633.009   694.755
645.081  673.588   570.618
345.123  273.084   436.916
621.616  586.773   644.008
216.657  169.049   281.183
614.948  836.549   387.909
274.02  213.92   354.916
file 20 : /data/pku/home/pengj/testvbs/data/for_analysis/2018_PUJetID/full_run2_2018_PUJetID_WGJJ_version8/210312_072157/0000/treePKU_27.root
LUMI : 59.74
btag value cut :  0.4184
Number of events to be analyzed : 614
processing : [[32m[0m--------------------------------------------------]  [33m0%  p_event: 463085 n_event: 682[0m
666.123  659.465   638.036
674.078  683.73   622.138
688.333  698.189   635.294
456.116  395.873   516.28
489.276  440.856   538.393
534.951  511.164   542.768
file 21 : /data/pku/home/pengj/testvbs/data/for_analysis/2018_PUJetID/full_run2_2018_PUJetID_WGJJ_version8/210312_072157/0000/treePKU_28.root
LUMI : 59.74
btag value cut :  0.4184
Number of events to be analyzed : 1293
processing : [[32m[0m--------------------------------------------------]  [33m0%  p_event: 472279 n_event: 688[0m
538.813  581.975   454.529
401.745  326.469   489.318
680.468  673.667   651.776
686.513  770.558   549.821
527.09  489.612   562.01
610.188  604.089   584.459
502.828  462.836   548.062
454.732  385.601   526.472
510.214  467.875   556.934
-648.713  -629.669   -641.274
651.452  644.94   623.983
567.671  530.905   597.792
691.843  747.263   583.621
635.679  629.326   608.876
416.74  384.262   451.399
505.059  464.89   550.494
658.532  849.705   442.27
646.895  656.157   597.048
540.47  499.717   581.621
517.773  476.156   564.801
733.35  823.128   587.333
file 22 : /data/pku/home/pengj/testvbs/data/for_analysis/2018_PUJetID/full_run2_2018_PUJetID_WGJJ_version8/210312_072157/0000/treePKU_29.root
LUMI : 59.74
btag value cut :  0.4184
Number of events to be analyzed : 1049
processing : [[32m[0m--------------------------------------------------]  [33m0%  p_event: 480065 n_event: 700[0m
516.086  475.04   562.513
550.635  507.092   598.899
518.438  834.742   271.746
481.259  441.324   525.328
843.105  855.177   778.14
700.977  731.955   620.062
638.798  824.242   429.017
686.5  679.638   657.554
505.509  465.534   549.818
560.095  523.819   589.813
550.722  710.597   369.864
572.509  822.892   339.102
162.821  130.794   207.082
185.739  468.43   62.6414
708.444  914.106   475.791
634.708  606.485   643.982
505.758  463.789   552.07
654.339  647.799   626.749
666.218  817.673   475.716
574.497  537.288   604.979
723.259  733.614   667.528
523.922  482.252   571.054
565.26  515.058   618.411
file 23 : /data/pku/home/pengj/testvbs/data/for_analysis/2018_PUJetID/full_run2_2018_PUJetID_WGJJ_version8/210312_072157/0000/treePKU_3.root
LUMI : 59.74
btag value cut :  0.4184
Number of events to be analyzed : 682
processing : [[32m[0m--------------------------------------------------]  [33m0%  p_event: 484858 n_event: 707[0m
689.433  807.62   522.193
525.158  483.63   571.189
844.157  988.868   639.384
644.648  615.983   654.068
665.68  695.098   588.839
656.448  649.887   628.769
559.681  523.432   589.378
671.435  786.537   508.561
file 24 : /data/pku/home/pengj/testvbs/data/for_analysis/2018_PUJetID/full_run2_2018_PUJetID_WGJJ_version8/210312_072157/0000/treePKU_30.root
LUMI : 59.74
btag value cut :  0.4184
Number of events to be analyzed : 1456
processing : [[32m[0m--------------------------------------------------]  [33m0%  p_event: 495440 n_event: 724[0m
673.4  826.487   480.844
520.5  483.491   554.983
518.062  476.422   565.116
517.062  476.174   562.383
660.168  810.247   471.395
554.518  523.435   574.493
497.947  453.724   544.769
539.182  498.526   580.235
375.157  712.516   167.643
519.299  789.776   289.065
595.287  556.732   626.873
551.604  512.383   588.148
482.896  444.083   526.756
678.612  671.829   649.998
446.075  369.757   529.819
674.037  789.585   510.532
536.503  496.049   577.352
556.206  516.658   593.054
746.363  757.049   688.852
605.193  587.427   598.253
685.791  769.747   549.243
file 25 : /data/pku/home/pengj/testvbs/data/for_analysis/2018_PUJetID/full_run2_2018_PUJetID_WGJJ_version8/210312_072157/0000/treePKU_31.root
LUMI : 59.74
btag value cut :  0.4184
Number of events to be analyzed : 1014
processing : [[32m[0m--------------------------------------------------]  [33m0%  p_event: 502428 n_event: 735[0m
519.218  478.754   562.4
412.283  742.493   193.503
470.281  389.822   558.57
471.061  399.448   545.378
516.361  475.528   561.62
695.036  704.988   641.48
478.364  423.975   532.241
277.854  217.401   358.434
474.208  393.076   563.233
393.988  748.281   176.058
469.992  800.851   232.672
613.609  791.741   412.1
509.774  451.814   567.19
520.281  481.051   559.895
188.491  147.522   244.532
file 26 : /data/pku/home/pengj/testvbs/data/for_analysis/2018_PUJetID/full_run2_2018_PUJetID_WGJJ_version8/210312_072157/0000/treePKU_32.root
LUMI : 59.74
btag value cut :  0.4184
Number of events to be analyzed : 2033
processing : [[32m[0m--------------------------------------------------]  [33m0%  p_event: 517012 n_event: 751[0m
503.989  446.686   560.752
487.079  446.66   531.68
215.152  167.875   279.23
495.622  798.005   259.786
580.328  834.131   343.734
405.821  372.145   442.982
494.668  796.468   259.286
576.682  539.332   607.281
426.553  686.796   223.583
682.929  737.635   576.102
679.587  709.62   601.141
585.414  841.441   346.746
524.969  455.633   594.215
705.137  698.089   675.405
383.753  307.028   477.709
491.597  416.862   569.153
280.358  219.361   361.665
539.422  486.04   593.573
617.355  599.232   610.276
478.622  436.115   523.627
579.051  832.296   342.978
472.207  433.022   515.446
644.708  831.868   432.986
570.098  819.426   337.674
523.001  482.242   566.498
647.968  641.492   620.647
473.013  433.762   516.327
565.305  812.537   334.835
282.282  220.866   364.147
712.626  744.118   630.366
435.872  403.006   469.059
672.179  681.804   620.385
547.562  504.012   596.821
517.173  478.177   556.55
633.541  614.942   626.275
517.339  476.192   563.878
532.401  490.057   580.296
687.149  742.192   579.661
719.054  807.082   575.883
660.044  810.095   471.307
689.861  720.347   610.229
544.673  503.604   586.145
706.458  737.678   624.91
650.885  631.777   643.42
file 27 : /data/pku/home/pengj/testvbs/data/for_analysis/2018_PUJetID/full_run2_2018_PUJetID_WGJJ_version8/210312_072157/0000/treePKU_33.root
LUMI : 59.74
btag value cut :  0.4184
Number of events to be analyzed : 1191
processing : [[32m[0m--------------------------------------------------]  [33m0%  p_event: 525199 n_event: 764[0m
417.249  751.436   195.833
438.671  363.62   521.025
559.038  519.289   596.074
512.389  472.457   555.004
549.358  505.916   597.51
487.788  449.214   530.543
591.1  552.816   622.464
527.079  485.398   573.278
527.332  497.774   546.328
683.273  713.468   604.402
497.406  440.853   553.429
413.57  381.339   447.966
647.425  794.607   462.296
341.447  681.878   145.888
502.872  809.679   263.587
486.868  412.852   563.678
631.109  612.582   623.871
567.573  527.217   605.175
633.258  642.325   584.462
file 28 : /data/pku/home/pengj/testvbs/data/for_analysis/2018_PUJetID/full_run2_2018_PUJetID_WGJJ_version8/210312_072157/0000/treePKU_34.root
LUMI : 59.74
btag value cut :  0.4184
Number of events to be analyzed : 507
processing : [[32m[0m--------------------------------------------------]  [33m0%  p_event: 528795 n_event: 768[0m
509.999  469.669   554.701
311.533  244.766   399.007
651.778  622.795   661.301
680.129  660.162   672.329
353.321  705.592   150.962
file 29 : /data/pku/home/pengj/testvbs/data/for_analysis/2018_PUJetID/full_run2_2018_PUJetID_WGJJ_version8/210312_072157/0000/treePKU_35.root
LUMI : 59.74
btag value cut :  0.4184
Number of events to be analyzed : 2600
processing : [[32m[0m--------------------------------------------------]  [33m0%  p_event: 546965 n_event: 797[0m
665.383  746.841   532.898
513.836  472.536   560.507
111.954  343.874   28.6543
511.241  470.58   557.232
581.134  539.814   619.634
499.55  450.113   549.698
457.713  779.927   226.593
575.582  527.82   628.288
509.086  468.167   555.325
549.475  936.286   272.021
569.097  532.238   599.293
670.112  723.791   565.289
203.379  512.917   68.5905
299.562  626.837   122.836
668.368  782.944   506.238
650.12  643.622   622.708
642.014  635.597   614.944
278.017  607.304   109.704
569.877  532.967   600.114
586.511  843.018   347.396
249.934  522.989   102.486
514.285  474.206   557.058
692.534  702.45   639.171
691.581  684.669   662.421
685.272  715.556   606.17
576.259  876.404   320.771
535.413  814.283   298.035
472.327  430.379   516.74
690.038  720.532   610.385
627.004  599.123   636.165
675.417  685.088   623.373
594.252  546.488   648.227
686.612  770.669   549.901
682.393  799.374   516.861
521.77  480.271   568.708
603.457  576.623   612.274
442.75  367   525.869
534.265  812.537   297.396
545.6  829.776   303.705
482.566  434.811   531.01
669.825  784.651   507.341
605.37  545.462   666.142
722.409  780.277   609.406
581.222  555.377   589.715
file 30 : /data/pku/home/pengj/testvbs/data/for_analysis/2018_PUJetID/full_run2_2018_PUJetID_WGJJ_version8/210312_072157/0000/treePKU_36.root
LUMI : 59.74
btag value cut :  0.4184
Number of events to be analyzed : 874
processing : [[32m[0m--------------------------------------------------]  [33m0%  p_event: 552949 n_event: 813[0m
516.142  475.091   562.574
532.289  490.806   576.558
590.078  572.756   583.311
675.383  668.632   646.906
488.581  449.311   532.957
186.992  471.589   63.0639
451.505  374.258   536.268
656.214  805.394   468.572
720.969  699.803   712.7
670.54  650.855   662.85
490.98  447.376   537.147
556.602  540.262   550.219
692.193  747.641   583.916
493.289  453.64   538.093
248.409  564.444   94.4439
309.293  243.005   396.138
629.746  601.743   638.947
485.019  429.874   539.646
573.334  824.077   339.591
648.372  641.891   621.033
file 31 : /data/pku/home/pengj/testvbs/data/for_analysis/2018_PUJetID/full_run2_2018_PUJetID_WGJJ_version8/210312_072157/0000/treePKU_4.root
LUMI : 59.74
btag value cut :  0.4184
Number of events to be analyzed : 1649
processing : [[32m[0m--------------------------------------------------]  [33m0%  p_event: 564933 n_event: 829[0m
493.584  418.547   571.454
623.506  605.202   616.356
690.005  720.497   610.356
558.744  516.614   601.287
682.485  712.646   603.705
191.759  483.612   64.6717
679.964  689.7   627.57
678.481  732.83   572.349
517.322  476.413   562.665
528.402  486.617   574.717
504.495  454.569   555.14
482.971  419.181   546.677
397.556  323.065   484.215
522.308  475.921   571.42
711.156  833.068   538.647
639.052  632.664   612.106
640.821  786.502   457.581
245.604  558.07   93.3774
676.672  669.909   648.141
466.55  794.985   230.968
449.112  765.271   222.335
644.408  625.49   637.018
656.087  649.529   628.423
686.712  987.04   406.746
507.042  466.288   553.095
502.638  457.998   549.901
489.451  448.835   534.269
477.777  769.273   250.433
445.015  410.334   482.026
559.555  509.86   612.169
file 32 : /data/pku/home/pengj/testvbs/data/for_analysis/2018_PUJetID/full_run2_2018_PUJetID_WGJJ_version8/210312_072157/0000/treePKU_5.root
LUMI : 59.74
btag value cut :  0.4184
Number of events to be analyzed : 1664
processing : [[32m[0m--------------------------------------------------]  [33m0%  p_event: 576719 n_event: 841[0m
668.049  677.614   616.573
491.214  451.732   535.829
456.438  777.755   225.962
313.487  246.3   401.509
662.855  776.486   502.062
521.865  480.596   567.606
532.504  492.353   573.05
621.166  586.348   643.542
701.381  711.423   647.336
657.232  637.938   649.695
527.689  485.96   573.941
681.8  836.797   486.842
157.612  426.294   48.1836
591.929  900.235   329.494
518.143  481.301   552.47
769.512  746.922   760.687
599.001  565.425   620.579
565.402  519.957   616.756
587.949  549.869   619.146
531.457  491.384   571.923
594.132  549.333   639.369
405.424  373.364   440.96
507.27  467.737   549.459
501.372  461.495   546.475
file 33 : /data/pku/home/pengj/testvbs/data/for_analysis/2018_PUJetID/full_run2_2018_PUJetID_WGJJ_version8/210312_072157/0000/treePKU_6.root
LUMI : 59.74
btag value cut :  0.4184
Number of events to be analyzed : 5911
processing : [[32m[0m--------------------------------------------------]  [33m0%  p_event: 617653 n_event: 904[0m
508.174  467.989   552.716
359.774  683.3   160.769
709.099  740.436   627.247
336.813  704.784   138.111
528.217  487.051   572.148
594.566  561.239   615.984
533.652  490.759   582.122
571.328  530.705   609.179
567.28  526.945   604.863
631.912  815.356   424.392
826.812  818.548   791.95
702.633  788.651   562.732
712.742  799.997   570.828
529.146  487.908   573.154
539.024  500.698   574.734
454.04  385.015   525.671
680.945  835.747   486.231
690.946  700.839   637.705
413.553  336.065   503.699
606.273  600.213   580.71
473.01  401.101   547.633
672.79  682.424   620.949
493.779  454.507   538.199
601.257  567.554   622.915
680.12  834.735   485.642
497.003  457.056   542.144
639.942  621.156   632.603
575.923  827.799   341.124
697.008  816.494   527.931
622.225  594.557   631.317
693.626  644.307   739.579
483.047  777.758   253.195
483.08  419.275   546.799
579.037  832.275   342.969
505.246  447.801   562.152
635.734  617.071   628.444
241.91  188.853   313.327
662.527  672.013   611.476
656.915  769.528   497.563
716.114  773.478   604.096
582.852  538.904   627.23
733.648  701.025   744.368
688.604  772.904   551.496
516.514  475.434   562.98
663.366  777.085   502.449
683.989  738.78   576.996
458.383  781.069   226.925
624.461  596.694   633.586
599.778  566.158   621.383
590.187  563.944   598.811
665.703  817.04   475.347
696.832  782.14   558.086
681.317  798.113   516.046
504.33  464.449   548.535
523.034  711.514   329.93
519.42  473.289   568.261
620.181  592.604   629.243
737.585  770.18   652.444
196.529  495.642   66.2804
513.988  473.109   560.227
541.343  500.525   582.561
537.893  497.335   578.848
449.489  381.156   520.402
602.609  584.918   595.698
496.58  440.12   552.509
646.282  639.822   619.031
418.328  339.945   509.515
659.728  653.134   631.911
536.287  495.85   577.121
520.718  479.541   566.36
618.315  600.164   611.225
485.773  411.923   562.41
203.173  495.503   71.5154
578.237  540.786   608.918
529.766  805.694   294.891
451.62  366.999   550.064
636.319  645.43   587.287
493.679  428.475   558.797
484.948  411.224   561.455
481.823  434.141   530.192
503.552  446.299   560.266
669.102  678.682   617.545
710.598  742.001   628.573
687.323  771.466   550.47
713.313  744.836   630.974
488.723  448.168   533.475
564.139  810.861   334.145
510.365  470.006   555.099
file 34 : /data/pku/home/pengj/testvbs/data/for_analysis/2018_PUJetID/full_run2_2018_PUJetID_WGJJ_version8/210312_072157/0000/treePKU_7.root
LUMI : 59.74
btag value cut :  0.4184
Number of events to be analyzed : 6194
processing : [[32m[0m--------------------------------------------------]  [33m0%  p_event: 661992 n_event: 962[0m
496.26  457.016   539.757
677.415  793.542   513.09
687.149  804.945   520.463
430.025  396.512   465.79
644.472  615.814   653.889
693.101  723.73   613.095
312.984  245.905   400.866
679.152  688.876   626.82
636.916  746.101   482.415
536.315  495.876   577.151
610.994  593.057   603.987
524.25  494.864   543.135
585.671  552.843   606.769
504.683  464.543   550.084
637.406  618.694   630.096
693.469  703.398   640.034
599.345  565.75   620.935
521.231  480.61   564.581
451.763  383.084   523.035
483.286  443.182   527.54
640.128  825.957   429.91
479.166  439.404   523.043
727.091  737.502   671.066
671.728  681.346   619.968
518.472  477.473   563.917
472.923  426.122   520.399
606.894  600.828   581.305
498.605  459.177   542.309
339.707  678.404   145.145
724.453  813.142   580.207
671.12  700.778   593.652
521.707  482.369   561.43
523.738  486.499   558.436
460.194  381.46   546.589
671.236  823.831   479.299
676.693  792.697   512.544
476.924  434.568   521.769
522.542  480.981   569.549
588.806  895.486   327.755
497.915  458.314   542.708
510.711  470.91   553.186
708.693  701.609   678.811
687.478  935.217   433.662
523.217  483.765   563.055
506.536  465.823   552.544
495.594  456.971   536.812
395.472  364.019   431.049
664.633  674.149   613.42
557.515  847.897   310.338
542.488  500.211   587.606
630.08  594.762   652.777
488.105  444.756   534.001
321.905  673.589   131.998
459.003  389.224   531.417
777.62  839.911   655.98
287.761  628.59   113.549
482.724  444.331   526.15
518.205  477.226   563.626
652.942  633.774   645.454
259.733  202.767   336.412
594.645  767.272   399.364
502.381  463.229   544.164
572.814  535.714   603.207
305.979  240.401   391.893
614.369  596.333   607.323
571.684  528.578   615.212
693.513  703.443   640.075
492.637  453.455   536.954
338.649  676.29   144.693
473.054  392.12   561.862
593.746  555.291   625.251
401.597  321.304   499.921
603.8  821.385   380.878
697.372  728.19   616.873
628.942  600.975   638.132
645.386  792.104   460.84
519.653  480.47   559.219
641.974  787.917   458.404
549.387  510.324   585.784
474.71  432.55   519.347
471.024  390.437   559.451
531.14  489.139   577.695
490.854  442.278   540.129
534.527  492.87   578.983
473.761  431.686   518.309
525.406  483.176   573.127
file 35 : /data/pku/home/pengj/testvbs/data/for_analysis/2018_PUJetID/full_run2_2018_PUJetID_WGJJ_version8/210312_072157/0000/treePKU_8.root
LUMI : 59.74
btag value cut :  0.4184
Number of events to be analyzed : 781
processing : [[32m[0m--------------------------------------------------]  [33m0%  p_event: 667585 n_event: 969[0m
670.445  640.633   680.242
676.941  792.987   512.731
296.271  619.949   121.487
703.417  824.001   532.785
440.807  405.948   479.444
494.232  454.923   538.692
320.25  251.614   410.172
658.023  687.103   582.067
386.622  309.323   481.279
645.173  609.009   668.414
624.082  617.844   597.768
327.315  265.985   398.663
file 36 : /data/pku/home/pengj/testvbs/data/for_analysis/2018_PUJetID/full_run2_2018_PUJetID_WGJJ_version8/210312_072157/0000/treePKU_9.root
LUMI : 59.74
btag value cut :  0.4184
Number of events to be analyzed : 1444
processing : [[32m[0m--------------------------------------------------]  [33m0%  p_event: 677570 n_event: 982[0m
705.665  715.769   651.29
499.975  455.572   546.988
500.194  455.771   547.227
489.505  441.062   538.645
498.723  849.807   246.896
690.121  774.608   552.711
450.419  373.357   534.978
626.572  608.178   619.387
659.429  640.07   651.867
660.364  773.568   500.175
458.577  659.132   271.619
326.862  258.634   413.798
677570 982
hist_
hist_pileup_up
hist_pileup_down
hist_L1_up
hist_L1_down
hist_photon_ID_up
hist_photon_ID_down
hist_electron_ID_up
hist_electron_ID_down
hist_electron_Reco_up
hist_electron_Reco_down
hist_electron_HLT_up
hist_electron_HLT_down
hist_muon_ID_up
hist_muon_ID_down
hist_muon_iso_up
hist_muon_iso_down
hist_muon_HLT_up
hist_muon_HLT_down
hist_fakephoton_up
hist_fakephoton_down
hist_btag_up
hist_btag_down
hist_pujet_up
hist_pujet_down
hist_pujet_mistag_up
hist_pujet_mistag_down
hist_fakelepton_up
hist_fakelepton_down


time start : 2021-04-27 17:15:58
time end   : 2021-04-27 17:16:35
