WARNING: Release CMSSW_9_3_4 is not available for architecture slc6_amd64_gcc700.
         Developer's area is created for available architecture slc6_amd64_gcc630.
[34myear             : 2018[0m
[34mregion           : signal region[0m
[34mchannel          : muon channel[0m
[34mbarrel_or_endcap : barrel[0m
[34mtype             : mc[0m
[34msample           : WGJJ[0m
[34mbtag workpoint   : medium[0m
[34mpujet workpoint   : T[0m
[34minput file list  : filelist_dir3/tight_for_analysis_WGJJ.txt[0m
[34moutput file      : test_unfolding1/2018_muon_mc_signal_barrel_WGJJ.root[0m

start load Btag info!
Btag info has been loaded!
hist_
hist_pileup_up
hist_pileup_down
hist_L1_up
hist_L1_down
hist_photon_ID_up
hist_photon_ID_down
hist_electron_ID_up
hist_electron_ID_down
hist_electron_Reco_up
hist_electron_Reco_down
hist_electron_HLT_up
hist_electron_HLT_down
hist_muon_ID_up
hist_muon_ID_down
hist_muon_iso_up
hist_muon_iso_down
hist_muon_HLT_up
hist_muon_HLT_down
hist_fakephoton_up
hist_fakephoton_down
hist_btag_up
hist_btag_down
hist_pujet_up
hist_pujet_down
hist_pujet_mistag_up
hist_pujet_mistag_down
hist_fakelepton_up
hist_fakelepton_down
file 1 : /data/pku/home/pengj/testvbs/data/for_analysis/2018_PUJetID/full_run2_2018_PUJetID_WGJJ_version8/210312_072157/0000/treePKU_1.root
LUMI : 59.74
btag value cut :  0.4184
Number of events to be analyzed : 2013
processing : [[32m[0m--------------------------------------------------]  [33m0%  p_event: 13984 n_event: 15[0m
681.877  712.011   603.167
352.725  279.099   446.541
506.676  815.803   265.58
321.659  673.075   131.897
649.081  630.026   641.637
386.217  308.999   480.775
311.404  244.664   398.842
623.728  848.493   393.448
546.269  830.793   304.077
478.806  424.367   532.733
521.454  480.816   564.823
657.483  650.911   629.76
512.001  471.513   556.879
522.133  481.442   565.558
545.183  473.176   617.094
647.987  611.666   671.33
712.357  743.837   630.128
430.319  381.392   478.785
514.552  473.862   559.653
705.533  826.48   534.388
655.73  846.089   440.388
504.421  459.623   551.852
515.404  473.977   562.216
436.899  398.098   477.981
667.405  660.735   639.265
537.489  496.962   578.414
679.054  672.267   650.422
368.952  291.939   467.083
498.273  462.844   531.284
631.208  603.141   640.431
678.468  732.816   572.338
277.391  217.04   357.838
625.303  597.498   634.44
548.273  505.545   593.872
593.79  853.481   351.708
501.843  452.18   552.222
493.017  793.811   258.421
619.427  579.309   652.294
385.142  308.139   479.438
709.768  796.659   568.446
589.53  547.612   628.586
578.544  541.074   609.242
245.55  191.694   318.041
545.444  506.661   581.58
695.972  815.28   527.146
590.302  557.213   611.566
462.084  383.027   548.834
604.207  565.074   636.266
633.524  661.521   560.395
608.501  581.443   617.392
607.639  634.492   537.498
511.073  470.658   555.869
487.191  422.843   551.453
562.672  520.245   605.514
680.964  764.329   545.377
650.076  797.86   464.189
file 2 : /data/pku/home/pengj/testvbs/data/for_analysis/2018_PUJetID/full_run2_2018_PUJetID_WGJJ_version8/210312_072157/0000/treePKU_10.root
LUMI : 59.74
btag value cut :  0.4184
Number of events to be analyzed : 2634
processing : [[32m[0m--------------------------------------------------]  [33m0%  p_event: 32356 n_event: 42[0m
431.054  350.286   525.015
396.621  351.527   441.292
488.632  440.276   537.685
310.798  650.349   127.444
676.417  706.309   598.337
578.413  545.991   599.249
171.293  135.353   220.918
585.606  593.991   540.483
496.371  430.811   561.844
569.08  526.17   612.41
481.53  408.326   557.498
678.568  875.556   455.726
705.961  792.386   565.397
711.515  742.958   629.383
673.491  826.599   480.909
228.591  538.671   83.7057
282.588  222.023   361.934
509.021  463.814   556.885
519.467  473.333   568.313
579.89  542.332   610.659
646.019  639.562   618.78
342.153  270.734   433.157
706.887  686.136   698.781
592.923  601.413   547.236
533.108  490.951   579.836
190.398  480.178   64.2125
644.488  723.388   516.164
238.186  561.281   87.2193
659.038  652.451   631.25
676.876  670.11   648.336
465.417  429.146   504.125
489.816  434.125   544.983
352.764  279.13   446.589
684.148  693.944   631.431
486.458  431.149   541.247
184.327  480.977   59.3183
570.557  820.086   337.946
699.234  858.194   499.29
469.389  398.03   543.441
539.952  499.238   581.064
492.153  443.449   541.559
664.725  955.438   393.723
618.768  798.396   415.564
501.273  459.677   547.174
495.862  446.79   545.64
655.438  684.403   579.78
448.109  763.563   221.839
698.698  901.531   469.245
493.616  409.165   586.286
591.398  558.248   612.702
623.392  588.449   645.849
711.26  704.15   681.27
479.682  817.362   237.469
552.178  512.916   588.76
348.337  283.068   424.267
713.558  800.913   571.481
695.168  814.338   526.537
641.759  635.345   614.7
502.669  462.689   547.889
550.826  509.293   592.766
541.44  517.364   549.352
662.688  855.068   445.061
578.041  830.844   342.379
333.262  727.984   131.503
542.214  873.024   284.208
506.173  465.915   551.708
264  599.869   100.371
436.243  702.398   228.662
639.031  620.272   631.703
709.998  741.374   628.041
409.192  346.985   473.748
608.399  827.641   383.779
580.781  543.165   611.597
525.936  484.106   573.249
569.01  532.157   599.202
526.32  484.459   573.667
589.831  547.893   628.908
514.159  471.493   561.24
634.968  644.06   586.041
664.218  657.579   636.212
600.37  673.868   480.83
696.005  854.231   496.985
679.411  672.62   650.764
491.61  447.949   537.836
662.337  655.717   634.41
540.156  499.427   581.284
342.244  683.469   146.229
469.007  799.173   232.185
618.131  599.984   611.042
509.745  451.788   567.157
567.891  536.059   588.348
717.004  748.69   634.239
502.395  462.014   548.026
259.117  588.775   98.5151
706.075  699.018   676.304
538.654  477.41   599.322
file 3 : /data/pku/home/pengj/testvbs/data/for_analysis/2018_PUJetID/full_run2_2018_PUJetID_WGJJ_version8/210312_072157/0000/treePKU_11.root
LUMI : 59.74
btag value cut :  0.4184
Number of events to be analyzed : 3350
processing : [[32m[0m--------------------------------------------------]  [33m0%  p_event: 55913 n_event: 83[0m
704.776  714.867   650.47
683.338  838.684   487.94
586.072  553.221   607.184
694.258  724.938   614.118
534.325  496.333   569.724
636.516  821.297   427.484
670.631  724.351   565.727
515.886  475.091   561.104
249.068  565.941   94.6945
715.67  803.284   573.173
489.194  445.748   535.193
218.98  534.054   77.0794
658.362  849.485   442.156
524.388  483.521   568.001
545.538  510.205   574.485
361.256  285.85   457.341
546.604  554.43   504.485
689.184  845.86   492.115
517.124  475.559   564.093
157.426  129.084   195.997
608.671  574.553   630.597
626.379  591.269   648.943
386.151  308.946   480.693
687.65  697.496   634.663
580.644  834.585   343.921
550.826  511.66   587.318
619.299  695.115   495.99
665.243  858.363   446.777
241.352  568.741   88.3785
584.313  684.48   442.573
506.636  456.498   557.495
699.572  755.611   590.141
613.352  578.972   635.446
687.198  680.329   658.223
393.501  348.761   437.821
706.446  763.035   595.94
513.943  473.301   558.99
639.598  870.082   403.459
615.936  885.311   364.824
640.537  621.733   633.191
499.41  459.689   544.336
488.007  444.667   533.895
673.408  683.05   621.519
615.578  588.206   624.573
468.005  430.782   510.106
541.988  499.75   587.065
422.262  343.142   514.307
563.377  526.889   593.27
509.158  819.8   266.881
542.257  507.136   571.029
433.833  352.545   528.4
678.149  708.118   599.869
712.329  799.534   570.497
695.32  780.442   556.875
620.205  891.447   367.353
392.034  744.57   175.185
669.861  663.166   641.617
325.97  682.096   133.665
495.34  420.036   573.486
502.708  436.311   569.016
656.398  649.837   628.721
305.84  639.973   125.41
226.273  551.84   79.6465
499.165  433.237   565.007
154.409  452.888   42.0712
684.851  802.253   518.722
698.573  691.591   669.118
304.87  238.54   393.285
559.093  850.296   311.216
587.346  538.607   641.129
660.712  810.915   471.784
613.045  640.137   542.28
535.403  495.033   576.169
637.082  601.372   660.032
493.467  437.361   549.046
318.618  250.332   408.081
557.792  526.526   577.885
418.787  340.317   510.073
431.317  350.5   525.335
736.017  903.339   525.556
625.339  606.981   618.168
452.554  771.137   224.04
649.075  837.503   435.919
392.296  745.068   175.302
536.64  496.176   577.5
597.914  813.377   377.165
499.77  460.021   544.729
622.647  803.402   418.17
506.173  464.17   552.522
498.494  432.654   564.247
687.095  717.459   607.783
672.785  666.06   644.417
635.637  820.163   426.894
716.287  726.543   661.094
663.939  673.445   612.779
560.776  852.856   312.152
564.704  524.552   602.116
622.48  846.796   392.661
671.178  866.022   450.763
583.128  545.361   614.069
489.934  415.452   567.228
497.079  452.932   543.819
539.227  498.568   580.284
600.213  573.524   608.983
513.88  472.576   560.554
496.558  455.353   542.028
file 4 : /data/pku/home/pengj/testvbs/data/for_analysis/2018_PUJetID/full_run2_2018_PUJetID_WGJJ_version8/210312_072157/0000/treePKU_12.root
LUMI : 59.74
btag value cut :  0.4184
Number of events to be analyzed : 6714
processing : [[32m[0m--------------------------------------------------]  [33m0%  p_event: 103238 n_event: 155[0m
700.474  786.228   561.002
678.274  761.309   543.222
743.633  834.67   595.568
654.009  634.81   646.509
696.829  706.807   643.135
508.704  469.059   551.012
467.098  396.088   540.789
577.781  545.395   598.594
705.786  762.322   595.383
671.318  823.932   479.357
519.638  473.488   568.499
512.622  472.085   557.554
593.335  560.076   614.708
518.337  477.347   563.769
687.052  742.088   579.58
318.631  250.342   408.099
512.592  472.057   557.522
610.948  567.507   651.423
560.285  523.997   590.014
677.304  707.236   599.122
301.979  238.946   382.298
484.479  410.826   560.912
602.05  559.243   641.936
505.035  438.331   571.65
527.056  474.897   579.965
451.534  374.282   536.303
591.232  558.092   612.53
659.48  850.927   442.906
483.328  444.48   527.228
546.364  507.516   582.56
579.865  562.842   573.215
428.134  354.885   508.51
201.103  490.455   70.7869
585.41  890.321   325.865
227.864  536.957   83.4394
702.744  695.72   673.113
469.916  800.721   232.635
518.522  475.494   566.003
518.948  477.91   564.434
593.026  546.81   642.348
508.007  468.417   550.257
611.518  831.883   385.746
594.627  854.684   352.203
545.038  828.921   303.392
528.081  490.533   563.066
494.52  453.484   539.803
469.501  407.49   531.429
668.968  698.531   591.748
480.677  437.987   525.875
496.589  457.093   541.262
644.485  638.043   617.31
401.968  723.917   188.662
701.496  860.97   500.905
519.199  477.904   565.905
656.03  685.021   580.303
671.573  664.86   643.256
398.913  338.268   461.847
573.105  535.987   603.514
634.181  615.564   626.908
639.401  620.631   632.069
219.798  171.977   283.542
631.728  613.183   624.483
524.366  472.473   577.005
810.959  846.797   717.348
455.354  775.908   225.426
621.627  603.378   614.498
707.844  739.125   626.136
717.961  749.69   635.086
709.48  766.312   598.499
526.228  483.931   574.024
577.175  536.136   615.412
511.073  469.995   557.493
574.495  825.747   340.279
493.501  428.32   558.595
542.004  824.307   301.704
608.655  569.234   640.95
667.331  647.74   659.678
587.145  549.117   618.299
193.536  151.471   251.076
576.543  539.202   607.134
306.575  641.512   125.712
653.202  634.026   645.711
630.909  858.262   397.978
520.218  479.08   565.816
592.466  566.121   601.123
468.511  397.286   542.425
494.883  445.909   544.563
580.001  626.461   489.274
487.697  432.247   542.626
552.198  506.375   602.762
429.597  773.675   201.629
501.875  435.588   568.073
730.661  741.123   674.36
612.705  585.46   621.658
515.992  464.928   567.791
330.207  721.31   130.298
606.063  709.958   459.046
680.03  763.28   544.629
414.509  381.541   451.798
626.969  852.902   395.492
661.644  853.719   444.36
528.421  488.577   568.655
599.515  565.91   621.111
252.272  196.942   326.748
552.471  513.188   589.072
651.935  645.419   624.447
692.286  747.741   583.994
706.406  762.992   595.906
436.101  354.388   531.163
522.523  480.525   569.983
490.278  446.736   536.379
578.905  880.428   322.244
556.313  539.981   549.933
678.307  671.527   649.706
570.64  526.169   618.1
595.556  856.018   352.753
504.893  464.967   549.148
549.181  507.772   590.996
536.624  496.161   577.482
359.625  284.559   455.276
432.761  779.373   203.114
565.447  528.824   595.449
514.607  828.573   269.737
516.801  458.042   575.007
375.613  713.382   167.847
657.538  650.966   629.814
573.392  824.161   339.625
692.831  777.649   554.881
413.922  745.446   194.272
639.162  597.765   673.076
374.416  569.431   208.417
543.729  502.731   585.129
701.223  694.214   671.656
526.751  484.856   574.138
688.614  845.159   491.707
644.598  625.675   637.206
493.374  794.386   258.608
553.023  513.702   589.661
481.255  408.092   557.179
536.849  496.369   577.724
349.024  276.171   441.855
582.681  544.943   613.598
422.655  343.461   514.785
550.817  509.284   592.756
492.595  443.847   542.046
495.422  451.423   542.007
646.614  627.632   639.199
499.237  459.11   544.581
635.751  864.849   401.032
615.256  580.769   637.419
498.7  458.616   543.996
359.046  717.025   153.408
655.675  804.733   468.187
275.68  602.199   108.782
488.224  444.865   534.132
565.432  590.42   500.163
581.901  544.213   612.777
619.693  843.004   390.903
496.543  456.633   541.643
618.315  590.821   627.35
209.989  512.125   73.9144
705.759  826.745   534.559
679.897  689.631   627.507
491.667  416.922   569.235
679.788  689.522   627.407
460.518  784.707   227.982
605.026  578.123   613.867
675.22  684.888   623.191
606.176  579.221   615.033
484.702  441.655   530.278
457.082  778.852   226.281
279.266  610.033   110.197
550.15  519.312   569.968
628.04  587.364   661.364
488.142  423.669   552.529
634.433  615.808   627.157
536.266  495.831   577.098
500.828  460.574   546.317
546.294  507.45   582.486
550.977  509.433   592.929
522.367  480.381   569.812
715.102  802.646   572.718
306.436  641.221   125.655
503.554  453.722   554.105
403.669  726.98   189.46
661.867  642.437   654.277
609.723  582.61   618.632
488.839  449.548   533.239
515.772  830.448   270.348
526.724  487.008   566.828
343.947  272.153   435.427
468.418  406.55   530.203
582.191  549.558   603.163
497.335  456.065   542.875
681.409  691.166   628.903
477.884  769.445   250.489
522.452  481.736   565.903
591.045  557.915   612.336
582.783  545.038   613.705
519.368  478.297   564.891
489.956  441.469   539.141
315.088  247.558   403.56
705.017  825.876   533.997
440.899  365.466   523.671
745.606  836.885   597.148
426.241  393.023   461.691
641.49  827.716   430.825
532.964  810.559   296.671
494.743  453.688   540.046
499.947  460.412   543.767
386.405  733.878   172.669
349.624  276.646   442.615
499.274  459.564   544.188
95.9295  326.69   21.5423
216.751  169.122   281.305
347.637  694.24   148.533
377.255  301.829   469.619
523.359  482.572   566.886
669.761  699.359   592.449
662.93  672.422   611.848
704.815  791.1   564.479
303.83  577.048   135.77
390.009  740.723   174.28
566.827  526.524   604.38
708.067  700.989   678.211
677.406  707.342   599.212
551.535  512.319   588.074
501.761  457.199   548.942
495.93  446.852   545.715
426.378  393.149   461.839
593.325  601.82   547.606
406.848  374.489   443.448
527.759  802.642   293.774
638.749  632.364   611.816
694.306  724.988   614.161
616.609  589.191   625.619
481.35  442.661   525.069
497.274  431.595   562.865
618.862  584.173   641.155
523.408  481.779   570.493
799.925  791.93   766.197
472.667  425.891   520.117
525.275  478.625   574.667
717.631  749.345   634.794
660.979  852.862   443.913
file 5 : /data/pku/home/pengj/testvbs/data/for_analysis/2018_PUJetID/full_run2_2018_PUJetID_WGJJ_version8/210312_072157/0000/treePKU_13.root
LUMI : 59.74
btag value cut :  0.4184
Number of events to be analyzed : 2662
processing : [[32m[0m--------------------------------------------------]  [33m0%  p_event: 121814 n_event: 177[0m
626.317  585.752   659.549
616.094  588.698   625.096
371.449  705.473   165.986
491.625  426.692   556.472
264.34  207.686   338.562
532.455  508.779   540.235
701.982  712.034   647.892
279.596  218.765   360.682
-422.213  -343.102   -514.247
591.416  804.537   373.065
647.839  628.821   640.41
520.336  474.124   569.263
510.156  469.814   554.872
681.914  798.813   516.498
676.846  706.757   598.716
362.298  652.474   170.043
656.905  620.084   680.569
501.703  461.378   547.271
596.243  553.849   635.744
709.15  830.718   537.127
672.542  702.263   594.909
455.87  419.229   497.276
525.299  473.314   578.032
299.662  598.432   128.035
687.302  771.443   550.453
687.852  742.952   580.254
723.509  887.988   516.624
564.014  527.484   593.941
601.454  548.038   658.009
565.381  528.763   595.38
510.722  468.341   557.488
399.761  324.857   486.9
298.949  234.878   382.889
-662.003  -632.566   -671.676
513.426  473.413   556.127
538.179  497.599   579.156
562.872  522.85   600.162
766.636  860.489   613.991
579.195  541.682   609.927
541.543  499.339   586.582
457.844  780.15   226.658
642.061  613.511   651.443
596.451  557.821   628.099
493.381  428.216   558.459
503.447  446.207   560.15
579.571  538.361   617.967
390.739  359.333   426.229
534.032  491.802   580.84
502.599  445.455   559.206
630.519  906.272   373.462
501.202  461.339   546.29
509.062  463.851   556.929
591.142  552.855   622.507
155.455  122.838   200.492
711.828  768.848   600.48
718.344  750.089   635.424
307.856  644.193   126.237
699.691  730.612   618.924
588.749  546.887   627.754
246.018  537.406   97.0773
615.126  580.647   637.285
668.302  677.871   616.807
564.934  548.35   558.456
597.174  563.7   618.685
568.351  816.916   336.64
535.214  494.858   575.966
518.548  459.59   576.951
466.044  386.309   553.537
377.459  716.888   168.672
524.6  455.312   593.797
574.069  825.135   340.027
490.338  446.791   536.445
497.57  457.996   542.331
536.188  495.758   577.013
622.001  846.145   392.359
683.808  801.031   517.932
712.79  834.981   539.884
file 6 : /data/pku/home/pengj/testvbs/data/for_analysis/2018_PUJetID/full_run2_2018_PUJetID_WGJJ_version8/210312_072157/0000/treePKU_14.root
LUMI : 59.74
btag value cut :  0.4184
Number of events to be analyzed : 1042
processing : [[32m[0m--------------------------------------------------]  [33m0%  p_event: 129205 n_event: 186[0m
527.423  485.474   574.87
641.977  605.992   665.103
560.311  518.063   602.973
486.771  446.378   531.344
757.994  850.789   607.069
561.936  525.541   591.752
638.321  823.626   428.696
431.381  357.577   512.366
518.417  477.421   563.857
416.426  381.87   454.558
542.038  824.358   301.722
510.012  469.681   554.715
464.096  384.694   551.223
651.719  661.05   601.501
453.392  384.465   524.921
379.175  720.148   169.439
507.162  440.177   574.058
691.873  747.295   583.646
663.163  633.674   672.853
675.332  828.858   482.223
514.611  473.248   561.352
603.586  564.493   635.612
493.228  444.417   542.741
650.485  621.56   659.99
484.908  420.862   548.869
539.16  498.507   580.212
486.264  447.18   530.431
481.468  442.769   525.198
636.903  866.417   401.759
572.047  524.577   624.429
file 7 : /data/pku/home/pengj/testvbs/data/for_analysis/2018_PUJetID/full_run2_2018_PUJetID_WGJJ_version8/210312_072157/0000/treePKU_15.root
LUMI : 59.74
btag value cut :  0.4184
Number of events to be analyzed : 9881
processing : [[32m[0m--------------------------------------------------]  [33m0%  p_event: 198902 n_event: 282[0m
523.154  481.105   570.671
670.292  822.673   478.624
535.874  488.282   586.262
487.84  447.358   532.511
495.117  451.145   541.673
701.616  711.662   647.553
630.215  589.398   663.654
677.086  670.318   648.537
491.009  442.418   540.3
492.954  793.709   258.388
344.829  688.633   147.333
507.726  467.576   552.228
557.59  517.943   594.53
626.372  598.52   635.524
504.139  464.043   549.491
538.946  496.945   583.77
497.218  457.254   542.379
496.357  456.461   541.439
534.896  492.597   581.78
541.48  823.509   301.411
594.018  853.808   351.842
598.562  571.946   607.308
639.854  870.431   403.62
641.289  872.383   404.526
591.21  849.772   350.179
692.312  810.993   524.374
317.694  249.606   406.898
472.429  418.716   525.639
615.5  588.131   624.494
658.549  651.967   630.782
695.81  780.992   557.267
686.569  770.62   549.866
517.399  476.484   562.749
530.973  490.936   571.401
583.079  550.395   604.083
597.756  559.041   629.473
551.762  512.53   588.317
542.087  499.841   587.172
473.124  426.302   520.619
305.185  638.603   125.142
649.222  620.354   658.709
511.196  468.777   558.006
628.043  609.605   620.84
667.345  647.754   659.692
513.033  454.702   570.815
705.147  715.244   650.812
432.781  779.409   203.123
493.972  437.809   549.608
620.133  601.928   613.021
668.019  749.799   535.009
221.437  503.157   84.1894
362.224  300.251   430.226
390.493  323.684   463.802
670.817  823.317   478.999
472.721  410.285   535.074
661.034  811.309   472.013
687.996  718.4   608.58
704.733  825.543   533.782
482.764  443.961   526.612
553.278  509.526   601.774
254.361  198.573   329.454
711.677  798.802   569.974
705.256  715.355   650.913
489.508  441.066   538.649
494.417  445.488   544.05
262.405  596.246   99.7651
739.484  772.163   654.124
299.466  234.312   386.315
523.053  482.29   566.554
508.225  463.089   556.014
714.892  802.411   572.55
512.766  825.608   268.772
488.05  432.56   543.018
248.146  563.845   94.3438
566.141  525.887   603.648
552.858  513.548   589.485
540.232  516.209   548.125
753.075  813.4   635.275
611.165  576.907   633.18
558.396  552.815   534.852
623.444  595.722   632.554
678.864  795.24   514.188
507.744  465.611   554.238
579.05  880.648   322.325
155.319  124.769   197.542
506.335  439.459   573.122
582.079  549.452   603.047
542.574  503.995   578.519
620.543  844.16   391.439
496.018  754.369   276.105
501.875  452.209   552.257
529.848  853.112   277.726
623.279  582.911   656.35
616.965  589.531   625.98
498.925  458.823   544.241
551.118  511.932   587.629
402.03  321.65   500.46
309.146  646.892   126.766
374.795  711.829   167.482
568.582  523.619   618.418
668.454  678.025   616.947
718.298  775.836   605.938
403.715  322.998   502.557
520.95  477.721   568.653
568.915  817.726   336.973
653.675  634.486   646.179
727.581  759.734   643.595
737.925  748.49   681.064
719.939  843.356   545.299
673.592  703.359   595.838
500.931  461.09   545.995
357.191  282.633   452.195
570.764  820.384   338.069
486.339  447.658   530.09
587.258  520.488   653.4
546.337  503.759   591.775
520.279  479.136   565.882
675.186  757.844   540.75
490.443  415.883   567.817
683.32  713.517   604.443
657.854  638.542   650.31
684.222  767.986   547.987
535.999  815.174   298.361
559.533  519.748   596.602
525.256  481.669   573.353
287.929  226.22   368.776
412.138  379.547   448.263
654.046  663.411   603.649
457.898  422.213   495.981
611.568  584.374   620.504
268.301  609.642   102.007
632.387  613.822   625.135
344.763  688.5   147.305
553.616  510.471   599.659
510.135  452.134   567.591
575.292  826.892   340.751
618.555  591.05   627.593
480.98  654.305   303.402
662.458  671.944   611.413
510.101  442.728   577.385
453.329  375.77   538.435
591.251  558.109   612.549
515.067  474.337   560.214
564.804  528.223   594.772
562.267  855.124   312.983
547.716  504.403   595.724
189.32  477.459   63.8489
441.267  358.585   537.454
643.994  615.358   653.404
616.797  582.223   639.015
349.93  276.888   443.002
678.938  708.942   600.567
677.485  707.425   599.282
535.665  769.935   317.279
494.305  453.287   539.568
687.102  771.218   550.293
654.698  664.072   604.251
522.087  462.727   580.889
568.318  531.509   598.473
668.936  821.008   477.656
481.59  450.398   507.143
498.162  459.339   539.593
493.769  795.022   258.815
595.078  577.609   588.254
477.874  443.896   509.533
500.168  450.67   550.378
693.106  748.626   584.686
663.349  672.847   612.235
545.701  503.173   591.086
164.83  430.102   53.044
591.699  558.533   613.014
522.724  470.994   575.199
622.078  894.139   368.462
510.679  482.054   529.075
538.872  498.24   579.902
696.051  751.807   587.171
596.128  856.841   353.092
515.756  475.562   558.651
541.097  493.041   591.976
655.492  891.704   413.485
229.734  179.252   298.154
219.556  171.311   284.946
526.547  484.669   573.915
690.947  746.294   582.865
551.047  511.866   587.554
262.92  597.417   99.961
509.174  468.677   554.979
515.636  474.625   562.023
587.322  561.206   595.904
506.182  465.923   551.718
507.609  467.468   552.102
597.298  563.817   618.814
475.47  403.187   550.482
515.173  473.766   561.965
611.967  577.665   634.012
574.156  599.529   507.88
536.74  816.301   298.773
690.379  720.889   610.688
532.886  765.94   315.633
694.299  704.24   640.8
756.899  817.53   638.501
668.28  862.282   448.816
644.261  637.822   617.096
544.072  637.341   412.093
411.825  379.731   446.076
279.503  218.692   360.563
542.406  500.135   587.517
596.881  563.424   618.382
553.592  514.23   590.268
427.557  394.237   463.117
541.706  500.861   582.952
426.541  768.172   200.195
496.849  440.359   552.809
711.302  768.28   600.036
472.635  400.783   547.199
659.594  640.231   652.03
608.266  574.171   630.178
508.397  466.209   554.95
379.073  719.953   169.393
513.316  467.728   561.583
596.947  558.284   628.621
673.855  683.503   621.931
652.081  645.564   624.587
727.93  760.099   643.904
664.541  645.032   656.92
200.273  156.265   259.919
490.896  450.16   535.847
596.109  562.695   617.583
631.288  603.217   640.512
609.71  876.363   361.137
203.558  496.44   71.6507
554.402  512.599   596.614
607.454  573.404   629.336
378.588  719.033   169.177
449.411  372.522   533.781
622.718  672.601   525.309
678.511  761.576   543.413
479.159  415.873   542.362
466.387  794.708   230.888
448.645  371.887   532.871
252.621  574.015   96.0455
734.977  824.955   588.636
432.838  383.625   481.588
675.982  669.226   647.48
697.512  782.902   558.63
597.137  558.462   628.821
664.417  657.776   636.403
507.158  449.495   564.279
537.099  496.601   577.994
488.141  432.641   543.12
499.086  449.696   549.188
611.787  832.25   385.916
474.308  402.202   549.137
673.129  788.522   509.844
468.181  414.95   520.911
488.712  448.158   533.463
764.848  826.116   645.207
574.291  533.457   612.338
498.493  458.426   543.77
363.945  287.977   460.745
413.976  745.543   194.298
690.325  774.836   552.874
446.893  402.668   491.755
510.547  468.181   557.297
715.346  802.92   572.913
510.166  469.823   554.883
675.717  791.553   511.804
490.054  415.554   567.367
418.776  340.309   510.061
502.664  452.919   553.125
584.697  567.532   577.992
519.355  490.243   538.063
517.315  475.735   564.302
211.488  165.015   274.474
490.931  790.452   257.327
676.573  686.26   624.44
512.055  483.352   530.5
551.229  512.035   587.748
584.289  546.447   615.292
692.519  747.993   584.191
693.364  748.905   584.904
519.303  467.911   571.434
661.527  774.93   501.056
696.928  782.248   558.163
487.762  444.444   533.627
556.384  516.824   593.245
513.774  471.14   560.82
550.77  511.609   587.258
473.588  431.528   518.12
441.323  365.818   524.175
686.557  741.553   579.162
485.983  412.102   562.654
512.325  824.898   268.541
389.891  357.537   425.593
504.619  464.714   548.849
617.167  589.724   626.185
565.742  521.652   612.794
688.398  743.542   580.715
671.683  786.828   508.749
536.807  816.403   298.811
625.102  597.306   634.236
586.543  553.665   607.672
516.633  465.506   568.497
385.845  732.815   172.419
709.613  766.457   598.612
537.26  817.092   299.063
531.845  491.743   572.34
537.673  497.131   578.612
687.285  771.424   550.44
655.352  684.313   579.703
569.965  533.05   600.207
536.038  495.62   576.853
file 8 : /data/pku/home/pengj/testvbs/data/for_analysis/2018_PUJetID/full_run2_2018_PUJetID_WGJJ_version8/210312_072157/0000/treePKU_16.root
LUMI : 59.74
btag value cut :  0.4184
Number of events to be analyzed : 5651
processing : [[32m[0m--------------------------------------------------]  [33m0%  p_event: 239236 n_event: 343[0m
588.837  555.831   610.049
700.128  731.069   619.311
649.568  643.075   622.179
550.685  507.769   596.485
704.955  715.049   650.635
533.66  489.376   582.527
492.184  443.476   541.592
541.85  503.323   577.747
527.031  480.225   576.588
712.851  769.953   601.343
455.329  414.89   498.143
393.83  358.853   430.861
500.806  806.353   262.504
558.559  522.383   588.196
649.504  883.559   409.708
692.364  722.961   612.443
698.754  857.604   498.948
485.368  827.051   240.284
679.985  796.553   515.037
461.389  786.191   228.413
669.221  639.464   679
264.674  553.832   108.53
480.873  417.36   544.301
520.044  478.245   567.279
553.808  517.939   583.193
699.791  785.461   560.455
486.242  828.539   240.717
513.298  454.937   571.11
614.809  587.471   623.792
560.432  524.135   590.169
623.993  596.246   633.11
506.746  461.741   554.396
538.72  498.1   579.739
698.897  784.458   559.739
401.607  723.266   188.492
479.683  452.796   496.963
486.983  446.572   531.576
653.403  634.221   645.91
644.771  625.843   637.377
527.809  458.097   597.429
533.945  491.478   581.978
411.39  370.678   452.688
575.329  534.422   613.445
308.002  241.991   394.484
492.386  443.659   541.816
413.537  744.752   194.091
724.568  848.778   548.805
625.065  806.522   419.793
681.925  798.826   516.507
257.231  200.813   333.17
227.92  537.088   83.4598
712.102  968.714   449.195
510.774  470.383   555.544
619.068  889.814   366.68
349.507  276.553   442.467
542.404  526.481   536.184
649.291  642.801   621.914
663.13  672.625   612.033
650.689  631.587   643.227
515.78  474.758   562.179
690.349  745.649   582.361
515.986  474.947   562.403
623.096  595.389   632.201
498.579  458.925   543.431
532.943  480.202   586.443
695.899  781.092   557.338
499.047  459.583   542.788
439.114  748.235   217.386
554.254  842.938   308.522
504.556  437.915   571.109
681.112  674.304   652.393
502.777  463.594   544.592
660.922  811.172   471.933
638.978  717.203   511.751
718.019  749.75   635.137
667.741  648.139   660.083
668.879  649.243   661.208
741.444  868.548   561.588
640.202  611.735   649.557
397.613  329.586   472.259
506.584  448.987   563.64
289.025  226.143   372.846
493.782  437.641   549.396
508.586  468.135   554.338
510.306  733.484   302.259
583.104  545.338   614.043
445.203  409.997   484.225
364.125  691.563   162.714
648.047  641.57   620.723
659.889  809.904   471.196
624.014  605.695   616.858
493.899  450.035   540.34
393.894  362.234   429.67
662.701  813.356   473.204
553.935  514.548   590.633
349.513  276.558   442.474
688.384  772.658   551.32
693.149  686.221   663.923
538.335  496.381   583.108
603.755  569.913   625.504
670.238  679.835   618.593
615.458  588.091   624.451
552.378  513.102   588.973
652.795  842.302   438.417
617.352  839.82   389.426
553.843  514.463   590.535
491.876  435.951   547.275
604.007  821.665   381.008
716.136  838.901   542.419
643.791  830.685   432.37
593.834  853.543   351.733
396.883  364.983   432.931
695.788  705.75   642.174
636.03  617.358   628.736
313.047  655.053   128.366
634.688  818.939   426.256
591.904  553.568   623.31
399.182  758.145   178.379
538.747  496.144   585.969
582.244  538.342   626.577
636.467  821.234   427.451
251.619  571.738   95.6644
378.138  302.535   470.718
376.485  297.9   476.62
526.466  474.366   579.317
562.539  556.917   538.82
542.247  526.328   536.029
611.247  584.067   620.178
567.503  524.713   610.713
513.479  826.756   269.146
503.074  463.062   548.33
723.639  755.619   640.108
745.721  778.676   659.641
561.956  522   599.186
471.782  400.06   546.212
570.664  526.19   618.125
693.172  850.754   494.962
494.802  419.58   572.864
506.772  439.838   573.617
575.812  534.87   613.96
500.46  450.934   550.7
304.884  637.973   125.018
649.071  837.497   435.916
663  813.722   473.417
475.532  421.465   529.091
494.065  710.141   292.639
426.999  346.991   520.076
690.08  683.182   660.983
638.482  647.624   589.284
503.471  467.673   536.826
669.946  663.25   641.698
147.439  120.895   183.563
609.798  582.683   618.708
628.514  610.063   621.306
608.656  581.591   617.549
635.09  599.491   657.968
686.991  680.124   658.024
202.901  494.838   71.4195
467.071  671.341   276.65
383.146  727.69   171.213
373.442  709.259   166.877
674.39  704.193   596.544
673.003  682.639   621.145
533.369  811.175   296.897
464.033  431.039   494.775
347.726  275.144   440.212
641.782  828.092   431.021
640.935  622.119   633.585
668.931  821.002   477.653
526.929  801.381   293.312
511.284  453.153   568.87
537.169  484.009   591.094
529.024  851.787   277.295
file 9 : /data/pku/home/pengj/testvbs/data/for_analysis/2018_PUJetID/full_run2_2018_PUJetID_WGJJ_version8/210312_072157/0000/treePKU_17.root
LUMI : 59.74
btag value cut :  0.4184
Number of events to be analyzed : 795
processing : [[32m[0m--------------------------------------------------]  [33m0%  p_event: 244829 n_event: 350[0m
471.661  438.124   502.908
591.779  549.702   630.984
577.99  540.555   608.658
544.717  503.644   586.192
665.769  859.042   447.13
471.481  432.357   514.654
562.146  807.997   332.964
211.753  516.428   74.5354
626.119  851.746   394.956
545.055  506.3   581.165
581.268  548.686   602.207
533.864  493.609   574.512
635.602  616.943   628.313
499.233  457.805   544.947
676.144  685.825   624.044
612.041  577.735   634.089
485.864  442.714   531.55
411.736  741.508   193.246
431.35  350.527   525.376
401.03  365.414   438.738
570.772  776.454   360.043
662.045  655.428   634.131
656.239  846.746   440.73
502.962  463.189   547.047
504.86  464.936   549.111
187.039  471.707   63.0796
file 10 : /data/pku/home/pengj/testvbs/data/for_analysis/2018_PUJetID/full_run2_2018_PUJetID_WGJJ_version8/210312_072157/0000/treePKU_18.root
LUMI : 59.74
btag value cut :  0.4184
Number of events to be analyzed : 6915
processing : [[32m[0m--------------------------------------------------]  [33m0%  p_event: 293348 n_event: 429[0m
384.485  730.233   171.812
651.775  622.793   661.299
422.91  343.668   515.095
507.171  466.406   553.236
561.412  517.017   610.621
497.693  458.109   542.465
430.757  396.497   469.507
689.264  719.724   609.701
688.982  773.329   551.798
490.831  447.24   536.984
486.03  447.373   529.753
547.93  504.6   595.956
537.848  817.987   299.39
486.176  442.998   531.891
535.663  493.304   582.614
556.836  520.771   586.381
315.25  247.686   403.768
506.539  466.483   550.937
512.423  471.668   558.52
521.131  505.832   515.155
723.153  811.682   579.165
407.161  773.3   181.945
496.527  430.946   562.02
478.276  405.567   553.731
512.984  462.218   564.481
744.391  913.616   531.535
547.126  504.487   592.63
337.494  673.984   144.199
532.347  492.207   572.88
503.053  436.611   569.408
492.126  451.289   537.19
635.866  617.199   628.574
532.165  490.692   576.424
551.78  839.175   307.145
561.599  511.723   614.407
572.062  535.012   602.416
493.858  437.708   549.481
659.669  653.076   631.855
680.332  763.62   544.871
432.468  778.846   202.977
393.291  746.957   175.747
719.477  729.779   664.038
661.42  853.43   444.209
678.153  732.476   572.072
541.072  822.89   301.185
511.515  470.401   557.974
333.535  263.915   422.246
584.122  546.29   615.115
550.301  511.173   586.758
511.843  471.134   557.888
450.118  766.986   222.834
454.63  774.673   225.067
573.388  872.038   319.173
714.171  836.6   540.93
678.337  794.622   513.788
710.299  741.689   628.308
500.511  485.818   494.772
410.503  333.586   499.984
523.119  479.71   571.02
682.524  799.527   516.96
522.517  674.205   350.922
308.732  646.025   126.596
682.463  737.132   575.709
504.966  465.034   549.226
514.428  468.741   562.8
705.928  737.124   624.441
725.684  757.753   641.917
724.729  717.485   694.171
611.352  831.657   385.641
393.453  341.487   445.351
666.227  817.683   475.722
380.366  304.318   473.492
599.519  560.69   631.329
243.581  190.157   315.491
484.657  444.44   529.037
679.392  762.564   544.118
450.174  413.99   491.062
657.968  848.977   441.891
257.12  200.726   333.026
348.676  275.895   441.414
649.31  642.82   621.932
505.597  463.641   551.894
509.647  464.384   557.569
590.251  557.166   611.514
538.101  499.841   573.75
658.316  651.736   630.558
606.965  711.015   459.73
561.073  544.602   554.639
695.099  688.151   665.791
431.545  395.735   471.061
515.888  475.092   561.106
230.545  543.273   84.421
648.656  642.173   621.306
682.314  837.427   487.208
618.034  590.552   627.065
533.75  811.754   297.109
349.577  279.684   435.165
436.238  354.499   531.329
495.353  797.572   259.645
649.734  630.66   642.283
636.086  617.413   628.792
573.089  823.725   339.446
691.636  776.308   553.925
724.927  782.997   611.53
675.517  668.765   647.034
716.471  748.133   633.768
605.624  654.137   510.889
553.843  514.463   590.535
623.678  588.719   646.145
436.057  785.31   204.661
292.476  228.842   377.298
498.855  459.406   542.58
716.643  804.376   573.952
309.021  646.629   126.715
628.681  610.225   621.472
656.117  665.511   605.56
546.922  505.683   588.565
481.258  408.095   557.183
593.388  560.126   614.763
520.407  491.237   539.154
555.452  492.298   618.012
408.416  657.594   214.076
713.934  745.484   631.523
420.389  757.091   197.307
720.185  777.875   607.53
690.228  720.73   610.554
535.389  493.664   579.916
456.837  378.678   542.602
410.742  739.718   192.78
590.373  557.281   611.64
487.888  432.416   542.838
669.42  821.602   478.002
197.863  499.004   66.7301
669.712  699.308   592.406
682.427  692.199   629.843
521.264  474.97   570.278
499.749  460.002   544.706
538.818  695.237   361.87
645.673  833.112   433.634
498.315  458.909   541.993
481.684  426.918   535.936
638.449  619.707   631.127
583.89  542.373   622.573
669.551  751.519   536.237
538.918  496.919   583.739
515.545  474.541   561.923
386.461  733.986   172.695
673.681  666.948   645.276
589.939  556.871   611.19
705.823  762.362   595.414
202.525  158.507   262.739
648.411  641.93   621.071
497.013  447.827   546.906
677.812  760.791   542.852
723.195  781.126   610.069
719.886  777.551   607.277
420.794  348.801   499.792
496.383  845.819   245.737
672.241  1022.38   374.199
626.968  599.089   636.13
405.265  365.159   445.948
583.528  545.735   614.49
534.987  493.294   579.481
504.757  465.42   546.737
704.573  735.71   623.243
524.815  483.313   570.815
500.04  460.269   545.023
305.202  638.638   125.149
502.462  462.076   548.1
523.216  482.44   566.731
499.755  458.285   545.517
691.125  775.734   553.515
481.058  417.52   544.511
414.893  337.153   505.331
677.143  760.04   542.317
504.545  463.992   550.372
688.746  845.322   491.802
684.811  664.707   676.957
521.87  481.2   565.274
621.434  593.801   630.514
557.597  517.951   594.538
504.385  459.59   551.813
632.25  591.301   665.798
159.937  432.582   48.8944
252.334  573.361   95.936
687.849  805.765   520.993
488.766  424.211   553.236
261.129  570.415   103.04
402.25  368.871   439.084
565.042  539.917   573.298
553.179  513.846   589.827
496.526  457.035   541.193
531.371  652.17   379.428
637.832  822.996   428.368
687.861  772.071   550.901
624.058  596.309   633.177
654.381  647.84   626.789
568.847  532.004   599.03
578.239  533.176   626.331
471.705  391.002   560.261
580.602  548.058   601.517
506.595  448.997   563.653
677.662  731.946   571.659
753.796  846.077   603.707
540.072  821.368   300.628
490.666  425.86   555.387
486.656  422.38   550.848
378.253  302.628   470.862
697.161  782.509   558.349
402.914  327.419   490.741
395.896  316.743   492.825
662.08  812.593   472.76
556.448  516.882   593.312
596.728  857.702   353.447
525.273  455.896   594.559
file 11 : /data/pku/home/pengj/testvbs/data/for_analysis/2018_PUJetID/full_run2_2018_PUJetID_WGJJ_version8/210312_072157/0000/treePKU_19.root
LUMI : 59.74
btag value cut :  0.4184
Number of events to be analyzed : 10058
processing : [[32m[0m--------------------------------------------------]  [33m0%  p_event: 364022 n_event: 549[0m
376.77  312.309   447.503
678.529  794.847   513.934
332.676  664.362   142.141
119.459  366.928   30.5753
554.596  511.374   600.72
343.459  685.897   146.748
601.54  562.58   633.458
397.296  317.863   494.567
510.465  469.866   556.386
499.951  459.767   545.36
534.743  494.422   575.458
413.379  744.467   194.017
678.402  732.745   572.283
494.459  429.152   559.68
751.917  843.968   602.203
501.695  461.371   547.263
561.795  521.849   599.013
491.828  435.908   547.222
526.695  801.024   293.182
635.659  616.998   628.369
494.26  438.064   549.928
517.051  832.508   271.019
575.932  538.63   606.491
352.402  703.757   150.569
591.674  558.509   612.987
497.384  421.77   575.853
677.739  793.921   513.335
54.1095  247.323   8.73685
681.408  735.991   574.818
703.297  823.861   532.694
151.088  424.793   43.6889
514.708  436.46   595.91
594.342  567.914   603.026
533.867  492.262   578.268
615.536  837.35   388.281
668.091  677.657   616.612
652.083  632.94   644.605
539.507  496.844   586.796
465.097  394.391   538.472
577.601  545.224   598.407
607.042  580.049   615.912
504.125  462.292   550.288
241.673  569.497   88.4959
588.856  846.388   348.785
548.964  524.554   556.986
484.701  445.743   528.725
494.915  445.937   544.597
577.658  540.245   608.308
521.487  480.249   567.196
691.828  722.401   611.969
510.762  460.216   562.036
614.46  835.886   387.602
500.356  455.919   547.404
583.919  546.1   614.902
696.35  706.321   642.693
538.962  498.323   579.999
190.426  149.037   247.042
484.113  401.287   574.998
496.824  455.597   542.318
514.641  828.628   269.755
596.85  563.394   618.35
451.794  374.497   536.611
423.571  344.205   515.9
627.962  609.527   620.76
660.011  653.414   632.182
376.12  297.61   476.157
695.071  705.023   641.513
704.177  735.297   622.893
416.731  750.504   195.59
488.994  440.602   538.083
445.724  369.466   529.402
511.876  471.164   557.924
338.832  266.213   433.971
567.086  530.357   597.175
488.305  404.762   579.978
673.488  683.131   621.593
633.702  605.524   642.962
381.188  686.494   178.909
504.204  463.678   550
466.841  795.482   231.112
480.184  449.084   505.663
511.911  471.43   556.781
268.372  609.803   102.034
595.043  556.504   626.616
480.05  440.215   524.008
621.22  648.673   549.511
688.394  772.669   551.328
705.151  698.103   675.419
581.552  536.23   629.919
535.053  482.103   588.765
530.97  489.59   575.13
804.939  942.927   609.68
523.402  482.612   566.933
543.692  501.321   588.91
401.115  722.38   188.261
657.179  666.588   606.54
509.248  468.977   553.884
517.395  466.193   569.335
502.732  462.747   547.957
680.198  689.937   627.786
693.684  686.75   664.435
283.108  618.427   111.713
426.907  346.916   519.964
478.215  438.532   522.005
490.475  449.775   535.388
485.264  421.172   549.272
464.27  791.1   229.84
543.458  502.48   584.837
550.516  534.354   544.202
688.009  681.132   658.999
568.205  531.404   598.353
538.826  495.518   587.767
479.82  406.875   555.518
624.826  849.987   394.141
533.985  726.411   336.838
474.7  808.873   235.003
255.736  581.091   97.2294
667.818  697.33   590.73
486.592  443.377   532.346
390.706  312.591   486.364
568.524  531.703   598.69
763.617  774.551   704.777
477.722  405.097   553.09
507.919  467.522   553.611
533.888  491.669   580.684
716.748  774.163   604.631
509.526  467.245   556.183
420.409  372.609   467.759
617.523  577.528   650.289
209.742  511.522   73.8274
555.821  516.301   592.644
378.735  299.68   479.468
590.706  557.595   611.985
475.164  436.972   518.322
497.815  456.506   543.4
566.297  501.911   630.079
653.015  662.365   602.697
569.519  529.025   607.25
450.446  413.068   491.693
456.17  777.298   225.83
553.02  509.921   599.013
662.409  812.997   472.996
515.168  464.186   566.884
236.048  184.179   306.348
478.736  436.219   523.752
620.782  585.985   643.144
642.21  613.653   651.594
510.638  460.104   561.899
547.667  508.726   583.95
595.84  562.441   617.303
517.417  476.501   562.769
535.396  495.026   576.161
444.323  407.452   485.009
669.449  699.033   592.173
520.744  474.496   569.709
595.036  855.27   352.445
474.737  393.515   563.862
606.25  654.813   511.417
668.56  661.877   640.37
489.976  450.593   534.479
417.46  751.817   195.933
683.139  692.92   630.5
556.256  512.905   602.519
682.971  676.145   654.174
537.37  496.851   578.286
394.215  342.148   446.213
672.508  787.794   509.374
558.676  849.662   310.984
654.759  625.644   664.326
650.818  631.713   643.355
469.117  397.799   543.126
664.232  673.743   613.05
59.8153  257.402   10.3079
679.819  709.861   601.346
629.798  601.793   639.001
576.826  647.442   461.974
223.078  174.059   289.515
667.196  818.873   476.414
655.302  845.537   440.101
432.387  351.369   526.638
487.41  413.312   564.305
650.145  678.876   575.097
336.192  605.459   157.79
516.848  475.976   562.15
508.555  468.34   553.131
659.657  669.102   608.827
599.654  566.042   621.256
502.369  462.413   547.561
603.471  564.385   635.491
647.331  640.86   620.036
682.176  980.521   404.059
659.815  809.814   471.143
492.247  443.533   541.662
494.951  445.97   544.638
292.385  638.69   115.373
514.601  473.24   561.341
575.898  827.763   341.11
422.926  343.682   515.116
477.434  395.751   567.066
260.288  544.656   106.732
643.451  830.245   432.141
662.717  643.262   655.117
450.836  414.979   491.393
557.172  847.375   310.147
635.189  616.542   627.905
517.449  477.122   560.484
722.257  780.113   609.278
478.183  440.369   520.096
437.065  355.171   532.336
651.613  936.592   385.957
558.484  518.774   595.484
442.729  636.353   262.232
525.743  502.365   533.425
563.123  520.663   606
701.911  711.961   647.825
688.531  845.058   491.648
501.497  807.464   262.866
679.048  795.455   514.327
515.736  474.952   560.94
715.192  802.748   572.79
554.954  513.109   597.208
703.847  713.924   649.612
522.606  481.041   569.62
312.166  653.21   128.004
689.042  744.238   581.259
376.386  319.166   435.766
578.864  533.752   627.007
187.309  472.389   63.1709
642.615  606.594   665.763
468.443  712.431   260.756
264.42  600.824   100.531
503.154  463.942   545.001
629.998  611.504   622.773
202.741  511.307   68.3752
632.112  613.555   624.862
638.677  824.086   428.935
494.751  450.812   541.273
584.244  839.759   346.053
446.562  370.161   530.398
551.171  511.982   587.687
558.831  849.898   311.07
558.154  518.468   595.132
674.349  667.608   645.915
499.936  460.173   544.91
441.5  407.093   478.219
469.025  397.722   543.02
421.279  342.343   513.109
277.736  606.69   109.593
645.81  617.093   655.246
535.158  494.806   575.905
669.683  699.277   592.38
498.748  454.453   545.645
508.038  467.863   552.568
679.591  709.623   601.144
660.655  670.115   609.749
501.301  459.702   547.204
685.907  740.852   578.614
658.027  667.449   607.323
321.135  252.309   411.305
631.7  613.156   624.456
691.107  684.2   661.967
499.753  460.233   543.556
689.499  719.97   609.909
489.453  424.807   554.013
601.33  567.624   622.992
597.303  563.822   618.819
581.031  543.399   611.86
514.1  472.778   560.794
724.394  756.406   640.776
717.61  749.323   634.775
404.032  323.253   502.953
628.235  771.054   448.593
468.992  431.296   511.589
527.491  802.234   293.625
487.178  446.751   531.788
623.997  605.679   616.841
603.089  569.284   624.814
591.744  553.418   623.142
499.673  455.297   546.658
674.309  756.859   540.047
466.898  387.017   554.551
654.024  802.706   467.008
687.581  742.659   580.026
700.514  786.272   561.034
515.919  475.712   558.827
447.81  388.664   506.878
674.77  828.168   481.822
507.146  440.163   574.04
410.407  739.114   192.622
561.89  521.938   599.115
514.819  473.873   561.132
711.511  704.4   681.511
520.574  469.057   572.832
663.437  856.033   445.564
672.502  682.131   620.683
677.48  707.419   599.277
527.087  486.01   570.924
615.53  588.16   624.524
598.095  564.57   619.64
718.613  806.587   575.53
826.687  892.908   697.372
551.166  508.212   597.006
562.587  518.743   609.377
600.335  566.684   621.961
609.497  582.395   618.403
522.389  750.852   309.416
533.871  481.038   587.465
426.172  346.319   519.069
509.094  441.854   576.245
625.591  607.226   618.417
501.304  461.662   545.244
527.276  801.907   293.505
694.341  704.283   640.839
669.098  698.667   591.863
413.702  745.049   194.169
processing : [[32m>>>>>>>>>>>>>>>>>>>>>>>>>>>>>>>>>>>>>>>>>>>>>>>>>[0m-]  [33m99.4233%  p_event: 364022 n_event: 549[0m
657.013  637.725   649.479
682.447  737.114   575.695
282.224  220.821   364.073
file 12 : /data/pku/home/pengj/testvbs/data/for_analysis/2018_PUJetID/full_run2_2018_PUJetID_WGJJ_version8/210312_072157/0000/treePKU_2.root
LUMI : 59.74
btag value cut :  0.4184
Number of events to be analyzed : 3492
processing : [[32m[0m--------------------------------------------------]  [33m0%  p_event: 387984 n_event: 585[0m
555.654  511.46   605.64
539.886  499.178   580.993
552.026  509.005   597.937
697.785  707.776   644.017
514.877  456.336   572.867
686.365  716.697   607.137
592.729  806.324   373.894
445.107  361.706   542.131
242.237  550.419   92.0973
578.883  541.391   609.599
698.341  754.281   589.103
514.233  471.561   561.321
603.417  569.593   625.153
578.293  534.689   622.325
542.082  501.208   583.357
475.795  394.392   565.119
655.124  625.993   664.696
536.184  495.755   577.009
556.817  520.753   586.361
531.245  496.838   559.433
658.845  711.622   555.785
686.071  716.39   606.877
545.476  784.037   323.091
714.496  801.967   572.233
578.612  541.137   609.313
455.731  776.55   225.612
655.235  636   647.721
612.118  584.899   621.062
693.859  724.522   613.766
538.668  495.825   587.126
671.336  823.953   479.37
492.295  453.141   536.582
309.28  647.172   126.821
682.714  737.402   575.92
493.618  437.495   549.213
344.332  310.257   378.899
526.63  474.514   579.497
640.791  826.813   430.355
654.851  648.306   627.24
522.574  481.012   569.585
501.143  434.953   567.245
514.974  474.84   557.803
618.054  590.572   627.085
460.352  381.592   546.777
535.419  454.023   619.889
509.14  468.217   555.384
641.995  606.01   665.122
681.606  765.049   545.891
581.898  549.281   602.859
491.329  416.635   568.843
562.564  522.564   599.834
763.292  713.856   803.793
415.243  747.825   194.892
264.729  578.278   104.46
599.765  862.068   355.246
513.971  473.327   559.021
442.198  359.343   538.589
504.66  476.372   522.839
616.588  576.653   649.304
543.111  489.364   597.633
562.004  522.044   599.237
271.342  212.306   350.034
494.232  438.039   549.897
567.146  530.413   597.238
481.204  408.049   557.12
452.055  374.714   536.922
444.06  756.664   219.835
603.405  564.324   635.422
542.881  499.951   590.465
695.039  814.187   526.439
370.49  631.303   183.413
643.412  614.802   652.813
501.341  459.739   547.248
519.17  460.141   577.643
633.625  742.245   479.923
499.155  459.035   544.492
658.722  849.95   442.397
545.546  497.095   596.844
490.838  435.031   546.121
590.576  543.874   642.341
528.43  486.642   574.747
520.72  478.867   568.016
487.255  443.981   533.071
498.782  803.094   261.443
495.09  446.094   544.79
388.975  311.206   484.209
529.75  489.806   570.085
510.588  822.103   267.631
698.2  817.89   528.833
683.164  713.355   604.305
580.388  539.121   618.839
499.87  458.39   545.642
669.453  699.037   592.177
493.747  444.885   543.312
294.697  616.656   120.841
503.295  458.597   550.62
638.398  823.726   428.748
470.233  416.769   523.195
529.549  514.003   523.476
664.35  778.238   503.195
495.409  451.411   541.992
677.174  873.759   454.79
456.203  777.354   225.846
687.192  804.996   520.496
485.189  444.927   529.617
563.411  523.35   600.736
524.557  483.076   570.535
607.23  783.509   407.815
513.727  471.097   560.769
475.633  403.325   550.671
565.698  525.475   603.175
692.908  748.413   584.52
504.859  454.897   555.54
file 13 : /data/pku/home/pengj/testvbs/data/for_analysis/2018_PUJetID/full_run2_2018_PUJetID_WGJJ_version8/210312_072157/0000/treePKU_20.root
LUMI : 59.74
btag value cut :  0.4184
Number of events to be analyzed : 1489
processing : [[32m[0m--------------------------------------------------]  [33m0%  p_event: 398173 n_event: 596[0m
509.229  468.96   553.864
432.522  778.942   203.002
688.25  681.371   659.23
702.058  822.409   531.755
503.618  463.793   547.76
522.695  453.658   591.64
284.597  222.678   367.134
511.024  460.452   562.324
497.494  440.93   553.526
519.449  478.371   564.979
682.477  766.028   546.589
682.812  799.864   517.178
502.126  435.806   568.358
580.116  542.544   610.897
455.392  775.972   225.444
516.711  457.962   574.907
524.824  483.322   570.825
363.216  334.91   393.425
676.52  706.417   598.429
512.547  472.602   555.174
384.594  307.7   478.755
346.559  274.221   438.735
276.169  577.886   113.244
174.44  137.84   224.977
384.65  307.745   478.825
418.212  339.851   509.374
706.487  737.708   624.936
705.639  736.823   624.186
452.256  416.286   492.941
730.242  788.737   616.013
535.592  491.148   584.635
687.384  886.932   461.647
637.972  823.176   428.462
653.478  843.183   438.875
495.756  451.727   542.372
509.698  469.975   552.088
577.488  830.048   342.051
575.993  674.734   436.271
541.719  608.037   433.857
171.695  448.014   55.2531
658.117  638.797   650.57
574.364  533.525   612.416
697.277  707.261   643.549
453.219  772.27   224.369
713.901  801.299   571.756
537.479  499.262   573.087
553.558  514.198   590.231
625.359  597.551   634.496
file 14 : /data/pku/home/pengj/testvbs/data/for_analysis/2018_PUJetID/full_run2_2018_PUJetID_WGJJ_version8/210312_072157/0000/treePKU_21.root
LUMI : 59.74
btag value cut :  0.4184
Number of events to be analyzed : 1022
processing : [[32m[0m--------------------------------------------------]  [33m0%  p_event: 405765 n_event: 603[0m
521.403  839.515   273.3
681.046  711.143   602.431
515.606  474.163   562.437
560.614  902.65   293.853
498.944  803.354   261.528
639.411  620.64   632.078
680.215  877.683   456.832
645.351  638.901   618.14
501.284  461.414   546.379
545.869  507.056   582.033
769.523  831.165   649.15
517.009  465.845   568.91
665.103  816.304   474.919
667.389  647.797   659.735
507.596  479.144   525.881
716.579  709.417   686.365
419.907  341.228   511.438
560.218  517.977   602.873
684.113  693.909   631.399
703.365  823.94   532.745
514.186  473.525   559.255
518.388  479.301   557.859
498.458  458.393   543.731
494.224  428.948   559.413
354.053  280.15   448.222
427.881  770.585   200.824
539.935  501.544   575.705
713.051  744.562   630.742
664.064  644.569   656.449
656.908  627.698   666.507
file 15 : /data/pku/home/pengj/testvbs/data/for_analysis/2018_PUJetID/full_run2_2018_PUJetID_WGJJ_version8/210312_072157/0000/treePKU_22.root
LUMI : 59.74
btag value cut :  0.4184
Number of events to be analyzed : 175
processing : [[32m[0m--------------------------------------------------]  [33m0%  p_event: 406963 n_event: 605[0m
420.127  385.264   458.598
501.394  435.171   567.53
520.56  469.044   572.817
565.955  534.232   586.342
674.183  683.836   622.234
680.652  690.398   628.205
500.738  460.49   546.218
573.448  530.209   617.111
587.029  549.008   618.176
468.998  799.157   232.18
574.339  825.523   340.186
510.008  464.714   557.964
file 16 : /data/pku/home/pengj/testvbs/data/for_analysis/2018_PUJetID/full_run2_2018_PUJetID_WGJJ_version8/210312_072157/0000/treePKU_23.root
LUMI : 59.74
btag value cut :  0.4184
Number of events to be analyzed : 3921
processing : [[32m[0m--------------------------------------------------]  [33m0%  p_event: 434136 n_event: 632[0m
489.39  475.023   483.778
669.27  784.001   506.921
506.694  484.163   514.098
543.481  495.213   594.584
704.103  790.301   563.909
295.488  231.199   381.184
491.272  451.786   535.893
632.441  660.39   559.438
634.722  616.089   627.443
655.697  665.085   605.172
455.397  403.619   506.687
491.711  443.05   541.072
471.598  433.693   514.432
492.948  452.043   538.087
495.527  455.699   540.535
405.084  324.094   504.262
487.694  439.431   536.652
512.529  471.999   557.452
385.4  308.345   479.759
682.141  712.286   603.4
501.371  459.766   547.281
342.245  683.473   146.229
490.182  425.44   554.839
685.17  665.056   677.313
531.441  491.369   571.905
613.206  578.834   635.295
708.095  739.387   626.359
554.051  522.995   574.009
601.444  567.731   623.109
397.839  365.863   433.974
716.448  839.266   542.654
697.936  707.929   644.157
346.371  691.712   147.992
535.709  657.494   382.525
669.336  821.499   477.942
751.459  729.398   742.841
663.523  716.674   559.731
470.347  389.876   558.647
651.164  632.048   643.696
471.903  400.162   546.352
687.956  772.177   550.977
710.534  720.708   655.784
532.829  490.451   580.763
633.728  605.548   642.988
476.939  434.582   521.786
615.126  580.647   637.285
715.497  747.116   632.906
642.986  829.646   431.829
533.076  490.921   579.801
696.8  752.617   587.803
491.13  435.29   546.445
674.475  757.046   540.18
695.814  815.095   527.026
687.511  742.584   579.967
518.877  472.795   567.667
662.041  854.232   444.626
603.372  564.293   635.387
647.658  794.893   462.463
673.185  826.223   480.69
635.05  616.407   627.767
363.276  301.124   431.476
604.589  869.002   358.104
596.083  856.775   353.065
597.345  563.862   618.863
456.208  378.156   541.855
207.492  506.035   73.0355
446.589  411.273   485.733
711.52  768.515   600.22
583.26  539.281   627.67
662.61  655.987   634.671
401.167  722.474   188.286
694.959  704.909   641.409
437.98  355.915   533.451
376.826  715.686   168.389
516.461  474.95   563.37
513.407  826.641   269.108
538.402  467.291   609.419
485.938  430.688   540.669
264.598  577.993   104.409
686.026  716.343   606.837
678.329  832.537   484.363
366.484  731.879   156.586
198.107  535.822   60.5635
495.371  439.049   551.164
484.987  411.257   561.5
537.93  818.111   299.436
616.495  589.081   625.503
521.798  480.535   567.534
495.494  753.572   275.814
499.981  433.945   565.93
680.564  835.28   485.959
578.265  831.165   342.512
491.414  447.771   537.622
650.427  884.814   410.29
503.886  464.039   548.052
616.345  588.938   625.351
573.535  536.389   603.967
518.656  477.641   564.116
414.485  380.09   452.439
563.801  527.286   593.717
576.545  707.614   411.684
513.38  472.783   558.378
571.627  528.525   615.151
571.348  534.344   601.664
652.5  645.979   624.988
679.77  709.81   601.303
745.183  778.115   659.166
578.884  541.392   609.6
713.982  836.378   540.787
457.07  378.871   542.878
489.534  446.058   535.565
446.972  804.966   209.784
189.917  148.638   246.381
462.625  375.942   563.468
575.225  537.969   605.746
698.177  708.174   644.379
file 17 : /data/pku/home/pengj/testvbs/data/for_analysis/2018_PUJetID/full_run2_2018_PUJetID_WGJJ_version8/210312_072157/0000/treePKU_24.root
LUMI : 59.74
btag value cut :  0.4184
Number of events to be analyzed : 375
processing : [[32m[0m--------------------------------------------------]  [33m0%  p_event: 436732 n_event: 636[0m
476.274  422.123   529.916
515.108  474.374   560.257
644.539  926.424   381.767
492.347  436.369   547.8
498.523  432.679   564.279
279.553  218.731   360.627
593.989  526.454   660.889
606.946  825.664   382.862
381.847  338.432   424.855
495.231  455.426   540.212
601.553  818.328   379.46
file 18 : /data/pku/home/pengj/testvbs/data/for_analysis/2018_PUJetID/full_run2_2018_PUJetID_WGJJ_version8/210312_072157/0000/treePKU_25.root
LUMI : 59.74
btag value cut :  0.4184
Number of events to be analyzed : 2379
processing : [[32m[0m--------------------------------------------------]  [33m0%  p_event: 453497 n_event: 670[0m
652.096  661.433   601.849
601.56  649.748   507.461
553.503  510.367   599.537
514.619  456.108   572.58
360.718  288.598   449.034
538.628  496.651   583.425
561.812  521.865   599.032
486.893  431.535   541.731
754.778  788.133   667.652
437.81  355.776   533.244
491.19  451.71   535.804
433.505  400.818   466.512
617.93  590.452   626.959
576.511  544.196   597.279
481.27  398.93   571.621
396.637  365.271   431.402
375.91  713.947   167.98
490.36  451.36   534.473
604.404  577.528   613.235
519.061  478.014   564.557
531.179  489.174   577.737
694.889  852.861   496.188
303.681  690.035   115.458
564.091  523.982   601.462
498.017  475.872   505.294
146.333  117.55   186.112
642.351  613.788   651.737
543.576  502.59   584.965
685.758  841.654   489.668
390.242  741.166   174.384
578.789  541.303   609.5
482.682  442.628   526.881
580.169  542.593   610.953
695.027  704.979   641.472
591.041  557.911   612.332
645.975  639.519   618.738
641.616  613.086   650.991
647.577  628.566   640.151
484.267  825.174   239.739
639.877  604.01   662.927
518.934  475.872   566.452
503.689  464.435   545.58
521.917  470.267   574.311
711.905  704.789   681.888
535.292  490.872   584.308
687.374  680.504   658.391
611.483  831.836   385.724
511.438  470.994   556.266
476.64  685.095   282.318
667.977  819.831   476.971
507.433  817.021   265.977
696.382  727.157   615.997
698.678  708.682   644.842
707.322  828.576   535.742
657.407  638.108   649.868
580.676  543.067   611.486
517.523  478.501   556.927
692.34  722.936   612.422
505.558  465.349   551.038
280.034  220.017   358.664
517.037  476.15   562.355
576.697  539.346   607.296
718.77  841.986   544.413
647.615  641.142   620.309
505.479  460.586   553.009
556.61  514.641   598.991
582.204  836.827   344.845
463.29  384.027   550.266
545.523  502.384   593.339
392.839  357.95   429.777
254.907  579.208   96.9142
553.579  517.725   582.952
682.321  837.436   487.214
671.141  823.714   479.23
499.035  803.5   261.575
506.787  461.779   554.44
277.385  217.035   357.83
668.892  863.072   449.228
617.901  840.567   389.772
293.846  558.087   131.309
421.816  759.663   197.977
543.789  827.022   302.697
157.754  426.677   48.2269
-544.363  -503.317   -585.811
172.981  451.372   55.6672
517.547  475.949   564.555
688.28  698.135   635.245
602.086  819.053   379.796
337.112  673.222   144.036
493.155  454.157   536.38
343.683  686.344   146.844
522.297  481.593   565.735
484.658  420.645   548.585
710.352  741.744   628.355
file 19 : /data/pku/home/pengj/testvbs/data/for_analysis/2018_PUJetID/full_run2_2018_PUJetID_WGJJ_version8/210312_072157/0000/treePKU_26.root
LUMI : 59.74
btag value cut :  0.4184
Number of events to be analyzed : 747
processing : [[32m[0m--------------------------------------------------]  [33m0%  p_event: 458889 n_event: 678[0m
520.279  477.106   567.921
382.298  324.18   442.611
399.228  324.423   486.251
623.071  595.365   632.175
714.501  876.931   510.192
652.291  645.771   624.787
603.652  564.556   635.682
694.657  852.576   496.022
507.574  462.495   555.301
565.261  525.069   602.709
309.543  243.202   396.459
647.194  794.323   462.131
539.051  498.405   580.094
540.6  499.838   581.762
634.701  606.478   643.975
420.906  389.169   452.954
663.919  644.428   656.305
485.336  430.155   539.999
389.106  739.009   173.877
499.923  433.894   565.864
700.652  731.615   619.774
494.696  752.358   275.369
601.72  574.964   610.512
494.918  438.647   550.66
379.21  720.214   169.454
521.871  481.2   565.274
file 20 : /data/pku/home/pengj/testvbs/data/for_analysis/2018_PUJetID/full_run2_2018_PUJetID_WGJJ_version8/210312_072157/0000/treePKU_27.root
LUMI : 59.74
btag value cut :  0.4184
Number of events to be analyzed : 614
processing : [[32m[0m--------------------------------------------------]  [33m0%  p_event: 463085 n_event: 682[0m
711.956  799.115   570.198
529.585  489.653   569.907
559.334  721.709   375.648
473.818  392.754   562.771
626.186  607.803   619.005
534.183  492.553   578.611
565.865  521.766   612.928
576.151  828.126   341.259
520.346  478.96   567.156
602.561  568.786   624.267
631.606  603.521   640.835
353.099  705.149   150.867
591.925  553.587   623.332
565.718  521.63   612.768
354.728  280.684   449.076
682.731  837.94   487.507
532.255  490.775   576.522
file 21 : /data/pku/home/pengj/testvbs/data/for_analysis/2018_PUJetID/full_run2_2018_PUJetID_WGJJ_version8/210312_072157/0000/treePKU_28.root
LUMI : 59.74
btag value cut :  0.4184
Number of events to be analyzed : 1293
processing : [[32m[0m--------------------------------------------------]  [33m0%  p_event: 472279 n_event: 688[0m
711.578  833.562   538.966
377.394  716.765   168.643
519.889  504.627   513.927
608.294  574.197   630.206
667.923  819.765   476.933
495.597  454.471   540.978
508.143  467.96   552.682
620.686  844.355   391.529
402.758  370.386   439.339
512.543  467.024   560.738
596.429  562.997   617.914
507.756  465.622   554.251
695.735  853.9   496.792
528.432  850.833   276.984
598.128  564.601   619.674
490.588  434.809   545.842
668.719  820.742   477.501
549.329  506.518   595.016
440.023  403.509   480.315
726.746  784.962   613.065
579.911  534.052   630.74
545.629  515.045   565.284
517.816  477.462   560.883
397.946  362.604   435.365
513.655  781.193   285.923
511.552  470.435   558.015
515.026  456.469   573.033
469.408  443.097   486.318
406.909  376.227   437.891
690.75  746.082   582.699
599.307  560.491   631.106
641.756  828.058   431.003
670.672  650.983   662.981
685.66  769.6   549.138
528.56  484.699   576.96
373.672  709.697   166.98
716.237  747.889   633.56
405.065  729.494   190.115
664.959  645.438   657.333
file 22 : /data/pku/home/pengj/testvbs/data/for_analysis/2018_PUJetID/full_run2_2018_PUJetID_WGJJ_version8/210312_072157/0000/treePKU_29.root
LUMI : 59.74
btag value cut :  0.4184
Number of events to be analyzed : 1049
processing : [[32m[0m--------------------------------------------------]  [33m0%  p_event: 480065 n_event: 700[0m
552.556  513.267   589.162
137.234  112.527   170.857
619.54  584.813   641.858
617.623  583.004   639.872
388.732  738.298   173.709
656.751  806.053   468.956
693.351  778.233   555.298
457.888  405.827   509.459
527.715  485.299   575.646
673.146  702.894   595.444
543.128  504.51   579.111
723.153  811.683   579.166
727.055  816.062   582.291
557.769  518.11   594.721
386.701  734.441   172.802
241.255  568.511   88.3428
533.755  495.803   569.116
286.464  223.634   371.034
673.678  683.324   621.768
703.156  759.482   593.165
440.731  365.327   523.472
629.65  1013.8   330.039
587.428  554.501   608.589
623.666  595.934   632.779
223.012  174.008   289.431
539.934  499.222   581.045
667.463  696.96   590.417
622.231  594.562   631.323
478.285  405.574   553.741
506.755  439.824   573.598
300.263  235.91   384.572
620.524  844.135   391.427
605.85  566.61   637.996
389.119  311.321   484.388
592.242  618.414   523.878
file 23 : /data/pku/home/pengj/testvbs/data/for_analysis/2018_PUJetID/full_run2_2018_PUJetID_WGJJ_version8/210312_072157/0000/treePKU_3.root
LUMI : 59.74
btag value cut :  0.4184
Number of events to be analyzed : 682
processing : [[32m[0m--------------------------------------------------]  [33m0%  p_event: 484858 n_event: 707[0m
515.521  474.519   561.897
651.382  632.26   643.912
502.843  461.116   548.888
643.685  830.548   432.299
307.07  670.768   121.168
449.641  359.742   559.728
510.74  470.352   555.507
670.928  700.577   593.481
655.749  649.195   628.1
630.633  813.706   423.533
687.613  718   608.241
584.955  547.069   615.993
384.579  307.689   478.737
595.816  562.419   617.279
512.567  444.868   580.176
505.333  464.716   551.231
683.714  800.921   517.861
499.953  458.466   545.734
607.544  580.529   616.422
608.969  828.416   384.138
488.169  432.665   543.151
494.464  450.55   540.959
536.926  506.83   556.267
534.881  492.584   581.764
662.093  642.656   654.5
file 24 : /data/pku/home/pengj/testvbs/data/for_analysis/2018_PUJetID/full_run2_2018_PUJetID_WGJJ_version8/210312_072157/0000/treePKU_30.root
LUMI : 59.74
btag value cut :  0.4184
Number of events to be analyzed : 1456
processing : [[32m[0m--------------------------------------------------]  [33m0%  p_event: 495440 n_event: 724[0m
485.856  442.707   531.541
536.963  475.912   597.441
732.735  791.43   618.116
688.12  697.973   635.097
636.546  617.859   629.246
350.221  277.118   443.37
621.43  603.187   614.303
335.328  265.334   424.516
561.032  521.141   598.201
474.554  808.624   234.931
507.659  449.939   564.836
272.07  594.315   107.357
717.446  727.718   662.163
460.693  785.006   228.069
515.376  469.605   563.837
490.154  415.639   567.483
650.701  621.766   660.209
523.328  795.904   291.308
513.492  472.22   560.132
493.677  418.626   571.561
499.674  459.512   545.058
676.926  873.438   454.623
475.386  403.116   550.385
491.169  416.499   568.657
178.909  141.372   230.741
585.888  547.941   616.975
378.381  299.4   479.021
517.551  476.624   562.915
554.061  514.666   590.768
620.572  592.978   629.64
476.795  429.611   524.659
272.443  213.168   351.455
485.099  437.093   533.797
575.291  538.031   605.815
224.375  509.832   85.3062
650.811  644.306   623.369
506.527  456.4   557.376
671.141  865.973   450.738
549.229  503.653   599.521
656.566  665.967   605.975
692.039  701.948   638.714
514.599  473.237   561.339
505.91  469.939   539.427
531.48  490.061   575.683
531.742  489.692   578.349
476.456  811.865   235.872
file 25 : /data/pku/home/pengj/testvbs/data/for_analysis/2018_PUJetID/full_run2_2018_PUJetID_WGJJ_version8/210312_072157/0000/treePKU_31.root
LUMI : 59.74
btag value cut :  0.4184
Number of events to be analyzed : 1014
processing : [[32m[0m--------------------------------------------------]  [33m0%  p_event: 502428 n_event: 735[0m
501.453  435.222   567.596
379.672  303.762   472.628
601.871  865.095   356.493
461.848  425.326   502.329
256.638  200.35   332.402
501.09  451.501   551.393
694.494  852.377   495.906
565.039  528.443   595.02
349.753  276.748   442.778
688.891  719.334   609.371
519.811  478.468   566.573
531.529  491.451   572
609.429  569.958   641.766
695.015  750.689   586.297
611.146  831.378   385.512
604.244  821.988   381.157
677.326  657.442   669.559
680.027  689.764   627.628
567.691  815.967   336.249
548.04  509.073   584.348
508.236  468.046   552.783
674.863  790.552   511.157
431.062  357.313   511.988
564.994  528.401   594.973
650.384  608.26   684.893
637.131  608.8   646.441
565.478  522.84   608.534
572.523  535.442   602.901
file 26 : /data/pku/home/pengj/testvbs/data/for_analysis/2018_PUJetID/full_run2_2018_PUJetID_WGJJ_version8/210312_072157/0000/treePKU_32.root
LUMI : 59.74
btag value cut :  0.4184
Number of events to be analyzed : 2033
processing : [[32m[0m--------------------------------------------------]  [33m0%  p_event: 517012 n_event: 751[0m
683.015  800.102   517.332
516.722  473.843   564.037
249.834  195.038   323.59
436.442  403.533   469.672
629.409  601.422   638.606
457.496  379.224   543.384
341.93  682.844   146.095
459.877  783.614   227.665
640.983  634.576   613.956
502.379  460.691   548.381
728.244  760.427   644.182
529.957  489.997   570.308
563.06  520.605   605.932
594.002  560.707   615.4
681.425  711.538   602.767
512.401  454.142   570.112
486.544  431.225   541.343
520.733  469.2   573.007
671.077  700.734   593.614
681.597  798.441   516.258
329.749  259.077   422.338
529.274  682.922   355.46
480.659  433.092   528.911
542.631  501.715   583.947
542.312  497.31   591.971
378.505  718.874   169.139
596.118  698.308   451.514
571.117  530.509   608.953
277.769  217.335   358.326
544.437  828.007   303.058
656.32  637.053   648.793
565.683  523.029   608.754
305.198  638.63   125.147
490.846  435.038   546.13
572.525  531.817   610.455
665.7  646.158   658.066
286.584  626.019   113.084
487.524  439.277   536.465
625.492  850.893   394.56
467.762  387.733   555.577
644.267  831.298   432.689
495.616  456.198   540.202
500.413  460.192   545.865
541.553  500.719   582.788
589.45  556.41   610.684
580.397  542.806   611.193
516.256  470.407   564.8
531.813  489.758   578.427
474.369  808.308   234.839
445.29  377.595   515.54
511.921  872.296   253.429
591.849  574.474   585.062
525.141  478.502   574.52
621.652  581.389   654.636
495.707  430.235   561.092
688.12  697.973   635.097
206.714  161.784   268.172
685.953  841.894   489.808
694.418  704.361   640.91
312.648  245.641   400.435
494.664  453.616   539.96
706.633  793.141   565.935
456.258  777.449   225.873
514.806  474.096   559.929
711.292  704.183   681.301
210.724  513.918   74.1732
646.396  639.935   619.141
473.338  401.379   548.014
560.722  520.853   597.87
783.76  961.935   559.647
648.56  642.077   621.214
340.985  680.955   145.691
178.938  141.394   230.778
638.971  620.213   631.643
file 27 : /data/pku/home/pengj/testvbs/data/for_analysis/2018_PUJetID/full_run2_2018_PUJetID_WGJJ_version8/210312_072157/0000/treePKU_33.root
LUMI : 59.74
btag value cut :  0.4184
Number of events to be analyzed : 1191
processing : [[32m[0m--------------------------------------------------]  [33m0%  p_event: 525199 n_event: 764[0m
661.957  812.442   472.672
615.251  836.961   388.101
489.36  450.439   533.383
652.132  645.614   624.635
657.13  627.91   666.731
681.627  879.504   457.78
409.504  737.489   192.198
622.923  895.355   368.963
599.654  566.042   621.256
550.785  575.125   487.207
627.229  608.816   620.036
621.041  801.33   417.091
512.08  824.504   268.413
574.637  673.145   435.244
494.455  409.86   587.282
565.765  860.444   314.93
506.19  653.138   339.957
655.747  804.82   468.238
580.522  542.923   611.324
682.435  692.207   629.851
581.389  540.051   619.906
318.556  250.283   408.002
680.926  835.724   486.218
643.733  875.708   406.067
625.662  807.292   420.194
569.304  532.432   599.511
320.961  671.614   131.611
507.893  450.147   565.096
615.169  587.815   624.158
563.995  857.752   313.944
250.458  547.104   98.8292
665.765  817.116   475.392
669.167  662.478   640.951
333.332  270.875   405.991
631.498  612.959   624.256
626.882  599.007   636.042
202.359  476.854   74.0999
736.474  747.019   679.725
545.526  504.392   587.062
671.949  701.644   594.385
406.434  731.96   190.757
617.082  589.643   626.099
393.378  314.728   489.69
533.248  491.691   577.598
file 28 : /data/pku/home/pengj/testvbs/data/for_analysis/2018_PUJetID/full_run2_2018_PUJetID_WGJJ_version8/210312_072157/0000/treePKU_34.root
LUMI : 59.74
btag value cut :  0.4184
Number of events to be analyzed : 507
processing : [[32m[0m--------------------------------------------------]  [33m0%  p_event: 528795 n_event: 768[0m
686.387  716.72   607.156
593.475  555.037   624.965
313.715  246.479   401.801
551.309  507.712   599.632
660.212  810.301   471.427
524.883  483.137   572.101
578.605  710.141   413.155
300.491  656.397   118.572
523.153  454.056   592.159
130.315  352.465   39.8388
585.3  552.492   606.384
503.562  437.052   569.983
521.216  469.635   573.539
328.757  687.927   134.808
528.268  486.493   574.571
file 29 : /data/pku/home/pengj/testvbs/data/for_analysis/2018_PUJetID/full_run2_2018_PUJetID_WGJJ_version8/210312_072157/0000/treePKU_35.root
LUMI : 59.74
btag value cut :  0.4184
Number of events to be analyzed : 2600
processing : [[32m[0m--------------------------------------------------]  [33m0%  p_event: 546965 n_event: 797[0m
279.913  219.013   361.091
495.685  455.844   540.707
243.064  190.181   313.556
501.357  461.482   546.459
692.456  811.162   524.483
409.898  347.584   474.565
648.775  837.115   435.717
524.105  483.26   567.695
347.536  319.602   379.102
733.459  792.213   618.728
566.833  530.121   596.909
583.283  545.506   614.232
579.63  547.14   600.509
599.597  560.763   631.411
532.34  809.61   296.324
445.512  369.29   529.15
301.272  572.189   134.627
696.99  782.317   558.212
572.567  921.895   300.118
523.95  482.517   569.875
502.327  435.981   568.586
700.639  786.412   561.134
683.941  714.166   604.992
650.206  621.294   659.707
701.941  711.991   647.853
521.338  480.709   564.697
526.505  484.87   572.654
686.552  842.629   490.235
567.501  530.745   597.612
509.598  469.884   551.981
565.333  859.787   314.689
329.954  259.238   422.6
535.765  814.818   298.23
555.855  519.854   585.349
621.225  593.601   630.302
534.341  494.051   575.026
678.927  672.141   650.3
498.74  458.653   544.039
595.195  561.833   616.636
600.16  816.432   378.581
596.16  562.743   617.635
499.859  443.026   556.158
683.601  676.769   654.778
508.333  479.84   526.645
665.695  675.226   614.4
605.729  870.64   358.779
607.653  826.625   383.308
545.574  503.056   590.948
238.589  562.229   87.3666
608.042  559.959   661.338
185.069  466.738   62.4152
670.364  699.989   592.983
675.093  790.822   511.332
562.37  519.967   605.19
495.935  454.781   541.347
546.001  830.385   303.928
510.978  471.156   553.475
685.242  769.131   548.803
634.189  605.989   643.455
280.744  613.263   110.78
655.784  804.866   468.265
550.343  511.212   586.803
596.369  562.941   617.852
565.137  521.094   612.138
658.329  651.749   630.571
614.994  587.648   623.98
572.351  822.664   339.009
671.605  701.284   594.08
727.44  759.587   643.471
522.559  481.834   566.019
591.406  553.103   622.786
493.631  454.595   536.898
533.121  490.719   581.08
657.045  893.817   414.465
685.313  695.126   632.507
494.086  450.206   540.545
542.408  824.921   301.928
671.603  681.219   619.853
486.307  422.076   550.452
629.696  601.696   638.897
688.349  772.618   551.291
203.299  158.71   263.317
356.211  281.857   450.954
492.742  793.369   258.277
582.568  544.837   613.479
file 30 : /data/pku/home/pengj/testvbs/data/for_analysis/2018_PUJetID/full_run2_2018_PUJetID_WGJJ_version8/210312_072157/0000/treePKU_36.root
LUMI : 59.74
btag value cut :  0.4184
Number of events to be analyzed : 874
processing : [[32m[0m--------------------------------------------------]  [33m0%  p_event: 552949 n_event: 813[0m
645.761  626.804   638.356
736.279  795.258   621.106
494.153  795.64   259.016
453.238  375.695   538.327
666.469  659.807   638.368
536.861  492.311   586.02
383.243  324.98   443.705
242.106  528.86   95.5335
497.985  458.378   542.783
721.256  809.553   577.646
675.135  871.127   453.42
491.144  447.525   537.326
524.562  844.602   274.955
491.32  407.261   583.558
348.776  275.975   441.542
504.003  463.917   549.343
413.906  343.092   491.611
653.022  732.966   522.998
568.561  593.687   502.931
682.315  765.846   546.459
464.033  431.039   494.775
587.741  549.675   618.927
566.915  524.169   610.081
600.965  567.279   622.613
492.51  452.924   537.244
503.817  463.976   547.977
656.516  649.954   628.835
659.975  653.379   632.148
file 31 : /data/pku/home/pengj/testvbs/data/for_analysis/2018_PUJetID/full_run2_2018_PUJetID_WGJJ_version8/210312_072157/0000/treePKU_4.root
LUMI : 59.74
btag value cut :  0.4184
Number of events to be analyzed : 1649
processing : [[32m[0m--------------------------------------------------]  [33m0%  p_event: 564933 n_event: 829[0m
700.549  731.508   619.683
499.908  460.376   543.726
498.764  432.888   564.552
674.558  667.816   646.116
714.189  836.621   540.944
650.667  935.232   385.396
693.857  749.438   585.32
576.815  535.801   615.029
519.696  478.362   566.447
647.85  641.375   620.534
749.909  783.049   663.346
667.847  782.334   505.843
514.46  473.777   559.553
676.2  669.441   647.689
191.182  149.629   248.023
501.01  444.046   557.438
492.354  453.195   536.646
340.619  680.225   145.535
524.724  481.182   572.773
588.393  845.722   348.51
471.586  434.294   512.921
597.78  564.272   619.313
703.254  823.811   532.662
513.983  473.927   556.731
717.403  749.107   634.592
539.148  497.131   583.989
678.052  832.196   484.165
581.077  835.207   344.177
635.931  820.542   427.091
664.806  746.193   532.436
609.57  570.09   641.914
716.312  839.107   542.552
254.438  578.142   96.7359
533.344  811.136   296.883
695.545  780.695   557.055
627.564  853.712   395.868
527.148  487.4   567.285
658.594  652.011   630.825
680.799  797.506   515.653
343.971  719.763   141.046
683.216  692.998   630.571
302.787  633.585   124.159
633.676  615.073   626.409
583.118  886.834   324.589
file 32 : /data/pku/home/pengj/testvbs/data/for_analysis/2018_PUJetID/full_run2_2018_PUJetID_WGJJ_version8/210312_072157/0000/treePKU_5.root
LUMI : 59.74
btag value cut :  0.4184
Number of events to be analyzed : 1664
processing : [[32m[0m--------------------------------------------------]  [33m0%  p_event: 576719 n_event: 841[0m
604.554  570.667   626.332
684.224  739.033   577.194
674.581  870.413   453.049
521.181  480.564   564.527
538.327  496.374   583.099
573.016  535.904   603.421
684.655  664.556   676.803
386.27  309.042   480.842
654.156  634.952   646.654
499.944  460.982   541.523
535.548  814.488   298.109
511.798  471.912   554.363
707.48  828.761   535.862
630.965  858.338   398.013
513.612  472.996   558.63
594.699  556.182   626.254
509.545  459.119   560.696
337.743  293.135   382.293
705.122  736.283   623.729
420.797  341.951   512.522
813.683  998.662   581.013
421.396  365.739   476.979
685.66  769.6   549.138
529.526  482.498   579.318
302.768  575.031   135.295
636.063  865.273   401.229
570.559  533.605   600.832
347.56  275.012   440.001
261.486  594.157   99.4155
591.869  850.719   350.569
109.442  353.364   26.2553
697.934  900.544   468.732
692.449  747.917   584.132
180.972  143.002   233.402
579.889  538.658   618.307
532.812  492.637   573.381
657.006  637.719   649.472
540.825  822.514   301.047
535.454  505.44   554.743
542.3  824.757   301.868
675.152  704.989   597.218
486.921  443.677   532.706
618.738  798.358   415.544
538.207  497.625   579.186
721.666  845.379   546.607
724.9  813.644   580.565
636.669  608.359   645.972
739.782  718.065   731.298
275.777  215.777   355.756
605.831  870.787   358.839
510.856  465.486   558.892
271.515  593.103   107.138
387.857  310.311   482.817
502.962  462.959   548.208
636.614  617.925   629.313
415.12  380.673   453.132
492.629  448.878   538.951
513.623  471.001   560.655
644.191  876.33   406.356
548.068  833.529   305.079
699.033  729.925   618.343
583.953  542.432   622.64
514.935  472.205   562.087
660.817  898.947   416.844
557.217  517.597   594.133
548.411  673.084   391.595
file 33 : /data/pku/home/pengj/testvbs/data/for_analysis/2018_PUJetID/full_run2_2018_PUJetID_WGJJ_version8/210312_072157/0000/treePKU_6.root
LUMI : 59.74
btag value cut :  0.4184
Number of events to be analyzed : 5911
processing : [[32m[0m--------------------------------------------------]  [33m0%  p_event: 617653 n_event: 904[0m
621.292  648.748   549.575
660.829  811.059   471.868
642.182  623.329   634.817
251.897  572.369   95.77
318.367  250.134   407.76
565.921  525.682   603.413
625.417  597.607   634.556
500.156  460.376   545.15
693.581  778.491   555.482
661.963  614.895   705.818
635.071  606.832   644.351
205.048  160.481   266.012
691.391  746.775   583.24
690.45  720.962   610.75
114.182  350.717   29.2245
499.194  459.49   544.101
632.692  860.688   399.102
422.083  337.694   525.423
239.767  565.007   87.7982
686.932  741.958   579.478
676.621  792.612   512.489
583.685  794.021   368.189
621.561  593.923   630.643
595.779  562.384   617.24
576.5  544.185   597.267
417.484  751.86   195.944
348.95  276.112   441.761
-547.221  -508.312   -583.475
443.489  367.613   526.748
636.612  617.924   629.312
455.425  776.029   225.461
577.146  676.084   437.144
511.035  472.502   549.945
381.184  723.964   170.337
587.263  554.346   608.418
659.871  640.5   652.304
552.788  794.546   327.421
258.369  540.639   105.945
415.049  747.475   194.801
433.114  351.96   527.524
484.894  463.332   491.979
496.844  799.973   260.427
669.138  863.39   449.393
715.541  725.786   660.405
523.878  454.685   592.979
567.617  527.258   605.222
657.191  806.593   469.27
272.819  544.827   116.566
486.35  464.723   493.456
491.137  447.518   537.318
568.819  865.089   316.63
761.839  855.105   610.149
514.287  455.814   572.211
684.213  694.01   631.491
688.774  773.096   551.632
679.259  659.318   671.469
509.732  451.777   567.143
270.262  539.719   115.473
686.326  716.656   607.102
501.23  459.637   547.127
662.729  813.391   473.224
619.676  584.941   641.998
630.721  612.205   623.488
672.902  788.256   509.672
411.385  379.325   445.6
534.505  492.237   581.355
592.432  559.224   613.773
493.148  453.51   537.939
541.293  487.725   595.632
525.887  473.844   578.679
446.775  402.561   491.625
432.15  389.383   475.532
524.444  483.573   568.061
457.892  423.366   492.756
453.369  816.486   212.786
526.705  485.657   570.51
670.702  640.878   680.502
635.578  607.316   644.865
559.83  517.618   602.456
611.742  750.813   436.817
522.695  481.123   569.716
641.634  827.901   430.921
609.582  829.25   384.525
506.572  466.513   550.974
310.989  244.337   398.31
492.57  451.696   537.674
492.701  427.626   557.69
490.494  449.792   535.408
620.975  593.363   630.049
561.194  536.24   569.394
509.262  468.758   555.075
634.669  616.037   627.391
340.313  679.614   145.404
575.287  826.885   340.748
676.739  730.949   570.88
478.217  439.779   521.652
246.42  192.373   319.168
445.819  369.545   529.515
596.616  563.174   618.108
493.091  444.294   542.591
219.055  170.92   284.295
576.443  928.135   302.149
495.664  439.308   551.49
502.072  457.482   549.282
577.609  545.232   598.416
550.147  511.03   586.594
615.454  794.121   413.339
664.154  856.959   446.046
571.989  534.943   602.338
678.978  795.373   514.274
528.133  648.196   377.116
547.98  505.274   593.554
583.998  839.405   345.907
717.094  748.784   634.319
509.658  442.343   576.884
548.025  833.465   305.055
496.966  457.44   541.673
492.732  443.97   542.195
310.012  243.571   397.059
547.954  542.477   524.849
530.016  488.103   576.472
646.054  617.326   655.494
626.872  608.469   619.683
675.304  828.824   482.204
516.25  476.017   559.186
662.976  855.438   445.254
570.738  533.773   601.021
552.283  510.64   594.334
469.063  430.14   512.015
680.176  710.235   601.662
279.464  610.465   110.275
590.45  548.468   629.568
439.912  792.251   206.47
650.63  631.53   643.169
647.152  640.684   619.865
485.976  454.5   511.761
491.894  451.076   536.936
250.831  569.947   95.3647
582.187  549.554   603.159
586.029  540.359   634.769
513.154  454.81   570.951
698.155  783.624   559.145
462.423  427.556   497.632
392.49  318.948   478.045
683.142  676.314   654.338
496.633  455.422   542.109
584.943  543.351   623.695
268.441  210.909   343.816
664.023  657.386   636.025
507.348  466.996   552.989
494.222  438.031   549.886
-604.659  -565.497   -636.742
290.219  633.96   114.519
356.47  711.879   152.307
277.516  606.21   109.506
550.042  510.932   586.482
443.744  756.124   219.678
708.001  764.715   597.252
703.558  734.649   622.345
516.159  475.342   561.4
528.294  487.122   572.231
606.774  572.763   628.632
470.981  390.402   559.401
338.964  676.92   144.828
234.866  553.457   86.0035
655.691  649.138   628.044
645.475  616.773   654.906
523.96  480.481   571.939
456.682  778.17   226.083
671.647  681.264   619.894
445.357  361.909   542.436
693.822  724.483   613.733
395.172  673.36   195.632
513.591  462.765   565.149
803.758  902.155   643.721
614.78  587.443   623.763
534.174  493.897   574.847
219.86  171.548   285.34
595.587  562.202   617.042
674.189  728.194   568.729
511.686  471.223   556.536
395.522  327.853   469.775
304.547  239.277   390.06
519.27  478.802   562.457
634.171  605.972   643.437
610.083  876.898   361.358
486.737  443.509   532.505
276.425  603.828   109.076
594.423  561.104   615.835
695.331  688.381   666.013
530.242  488.311   576.718
630.125  813.05   423.191
653.786  994.311   363.926
651.817  645.302   624.333
411.986  329.616   512.854
181.989  443.839   64.0588
624.094  617.856   597.779
file 34 : /data/pku/home/pengj/testvbs/data/for_analysis/2018_PUJetID/full_run2_2018_PUJetID_WGJJ_version8/210312_072157/0000/treePKU_7.root
LUMI : 59.74
btag value cut :  0.4184
Number of events to be analyzed : 6194
processing : [[32m[0m--------------------------------------------------]  [33m0%  p_event: 661992 n_event: 962[0m
607.38  568.042   639.608
529.448  805.211   294.714
539.718  820.83   300.431
677.866  794.07   513.432
537.25  499.05   572.842
667.193  818.869   476.412
692.267  747.721   583.979
410.223  738.784   192.536
659.38  652.79   631.578
464.051  384.657   551.17
251.502  196.783   324.44
541.488  500.659   582.717
503.175  436.717   569.545
580.949  548.385   601.877
521.804  481.138   565.201
662.724  672.213   611.658
564.033  857.81   313.966
496.022  473.965   503.269
511.338  443.801   578.785
645.409  638.958   618.196
680.89  690.639   628.424
726.887  851.495   550.562
697.561  677.083   689.561
634.958  606.724   644.236
535.895  862.85   280.896
619.121  842.227   390.542
579.053  535.391   623.142
597.863  559.141   629.586
429.263  773.074   201.473
310.418  649.552   127.288
669.211  821.346   477.853
654.413  635.201   646.908
479.647  448.581   505.097
664.045  693.391   587.394
676.701  686.39   624.558
491.489  450.704   536.494
616.682  589.261   625.693
171.729  135.698   221.481
561.377  525.018   591.164
295.964  619.308   121.361
400.839  361.171   441.078
455.879  377.884   541.464
546.776  507.899   583
677.426  670.655   648.862
612.793  585.544   621.747
621.929  587.068   644.332
747.312  838.799   598.514
609.163  575.018   631.107
553.074  513.749   589.716
685.734  769.683   549.197
526.548  485.513   570.341
669.038  821.134   477.729
688.231  718.645   608.787
660.548  852.306   443.624
586.034  544.365   624.859
519.662  479.163   562.881
517.48  471.522   566.139
497.154  455.9   542.678
634.836  863.604   400.455
544.5  503.444   585.959
698.221  708.219   644.42
593.345  548.605   638.522
502.947  462.522   548.628
580.193  542.615   610.978
509.312  468.375   555.571
702.359  712.415   648.239
573.595  508.379   638.199
174.154  454.431   56.0445
412.522  330.044   513.521
380.122  721.946   169.862
663.655  856.314   445.71
654.697  648.153   627.092
664.208  644.709   656.591
472.283  441.695   497.342
515.24  472.484   562.42
654.792  648.247   627.183
671.986  701.683   594.418
155.122  128.77   189.429
555.606  844.993   309.275
376.967  715.955   168.452
536.982  494.518   584.049
478.416  431.071   526.442
524.159  483.31   567.752
561.252  569.289   518.005
693.797  778.733   555.655
663.469  656.838   635.494
562.233  525.819   592.065
152.045  411.236   46.4816
528.845  486.784   576.42
576.597  570.834   552.285
447.37  370.831   531.358
612.137  584.918   621.082
427.006  769.009   200.413
454.762  385.627   526.507
531.929  489.865   578.553
572.096  535.043   602.451
531.133  470.744   590.954
238.125  600.545   80.3087
467.439  396.377   541.184
577.322  539.93   607.954
493.896  454.199   538.756
712.02  834.079   539.301
591.232  558.092   612.53
511.52  471.069   556.355
529.475  487.363   577.106
688.014  772.242   551.023
489.803  449.158   534.653
510.184  464.873   558.156
468.854  798.911   232.109
506.156  466.71   548.253
591.328  762.991   397.136
565.845  529.196   595.868
493.567  428.377   558.669
476.413  394.904   565.853
576.119  828.08   341.24
544.343  505.639   580.406
463.751  746.69   243.081
552.345  840.033   307.459
558.816  849.876   311.062
486.645  422.37   550.835
462.514  788.109   228.97
480.081  425.497   534.152
578.884  537.724   617.235
643.742  637.307   616.599
567.149  524.385   610.332
495.81  455.959   540.844
373.861  295.823   473.298
586.945  554.045   608.088
606.129  824.553   382.347
396.285  317.054   493.309
494.491  438.269   550.185
487.709  423.293   552.039
570.356  538.386   590.902
486.847  446.448   531.427
630.655  813.735   423.548
252.026  196.75   326.429
407.428  773.808   182.064
562.211  525.798   592.041
486.973  443.724   532.763
493.359  750.325   274.625
557.356  517.727   594.281
685.837  740.776   578.555
676.513  792.485   512.407
328.018  686.38   134.504
396.629  317.329   493.736
383.192  306.579   477.01
635.109  606.868   644.389
629.748  905.165   373.006
614.347  587.03   623.324
523.728  482.913   567.286
239.36  564.048   87.6492
439.582  364.375   522.107
670.959  651.262   663.264
689.435  773.837   552.161
683.309  800.446   517.554
566.502  591.537   501.11
661.628  642.205   654.041
541.685  511.321   561.197
655.696  649.142   628.049
572.904  535.799   603.302
427.185  769.331   200.497
197.304  497.597   66.5418
678.576  732.933   572.429
341.427  270.159   432.237
618.532  841.424   390.17
539.83  499.126   580.933
174.148  454.417   56.0428
542.814  499.641   591.645
667.038  748.698   534.224
701.297  732.289   620.345
546.694  505.472   588.319
646.817  834.589   434.402
621.25  801.599   417.231
662.848  610.431   720.948
379.016  719.846   169.368
605.395  823.554   381.884
336.646  273.568   410.028
486.894  438.71   535.772
696.303  854.597   497.198
617.833  577.817   650.615
502.387  452.669   552.82
699.095  755.096   589.739
527.205  485.274   574.632
517.619  476.686   562.988
444.584  757.556   220.094
476.758  445.88   502.055
618.585  600.426   611.491
676.679  706.583   598.569
497.298  457.327   542.467
264.286  600.52   100.48
714.112  745.67   631.681
512.54  825.245   268.654
672.269  681.894   620.467
505.466  460.575   552.995
627.41  853.503   395.771
173.182  451.895   55.7317
488.818  405.187   580.586
663.016  656.389   635.06
640.254  621.458   632.912
573.16  536.038   603.572
281.454  614.814   111.06
191.866  150.164   248.91
244.432  190.821   316.593
458.087  379.714   544.086
494.517  438.292   550.214
534.553  494.247   575.254
726.469  815.405   581.822
574.772  537.545   605.269
507.536  467.982   549.747
file 35 : /data/pku/home/pengj/testvbs/data/for_analysis/2018_PUJetID/full_run2_2018_PUJetID_WGJJ_version8/210312_072157/0000/treePKU_8.root
LUMI : 59.74
btag value cut :  0.4184
Number of events to be analyzed : 781
processing : [[32m[0m--------------------------------------------------]  [33m0%  p_event: 667585 n_event: 969[0m
427.495  394.18   463.05
614.717  608.573   588.798
669.701  663.007   641.463
570.687  533.725   600.967
523.448  796.086   291.374
457.088  427.484   481.341
613.252  834.243   386.84
683.233  737.963   576.358
534.602  496.59   570.019
604.015  564.895   636.064
759.33  889.5   575.135
697  855.453   497.696
476.046  394.6   565.417
613.529  586.247   622.494
658.536  849.71   442.273
575.958  827.849   341.145
584.465  540.395   628.967
684.6  694.402   631.848
534.02  812.164   297.259
686.222  696.047   633.345
694.378  725.064   614.225
691.468  701.369   638.187
513.499  472.893   558.508
337.204  673.405   144.076
401.588  369.648   437.715
518.191  476.977   564.807
556.61  517.033   593.485
571.702  534.674   602.036
468.841  673.885   277.699
file 36 : /data/pku/home/pengj/testvbs/data/for_analysis/2018_PUJetID/full_run2_2018_PUJetID_WGJJ_version8/210312_072157/0000/treePKU_9.root
LUMI : 59.74
btag value cut :  0.4184
Number of events to be analyzed : 1444
processing : [[32m[0m--------------------------------------------------]  [33m0%  p_event: 677570 n_event: 982[0m
617.572  796.853   414.761
526.035  484.197   573.357
549.878  593.926   463.863
517.288  832.89   271.143
562.168  519.78   604.972
518.94  440.048   600.81
473.601  401.602   548.319
524.562  483.08   570.54
620.349  592.764   629.413
524.021  472.162   576.625
443.585  714.22   232.511
503.616  463.138   549.359
556.194  516.647   593.042
605.843  870.805   358.847
432.343  351.334   526.585
594.824  561.482   616.251
530.634  488.672   577.145
687.732  771.925   550.797
276.435  216.291   356.604
693.997  778.958   555.815
700.702  710.735   646.71
688.607  668.392   680.71
698.263  783.746   559.232
489.9  441.418   539.08
678.997  709.003   600.619
723.13  847.093   547.716
175.521  428.063   61.7819
476.203  724.233   265.075
582.928  545.174   613.859
729.006  787.402   614.971
501.657  460.029   547.593
686.792  741.807   579.36
606.411  572.42   628.256
711.58  798.693   569.897
542.178  824.571   301.8
553.975  621.794   443.673
703.904  735.011   622.651
677570 982
hist_
hist_pileup_up
hist_pileup_down
hist_L1_up
hist_L1_down
hist_photon_ID_up
hist_photon_ID_down
hist_electron_ID_up
hist_electron_ID_down
hist_electron_Reco_up
hist_electron_Reco_down
hist_electron_HLT_up
hist_electron_HLT_down
hist_muon_ID_up
hist_muon_ID_down
hist_muon_iso_up
hist_muon_iso_down
hist_muon_HLT_up
hist_muon_HLT_down
hist_fakephoton_up
hist_fakephoton_down
hist_btag_up
hist_btag_down
hist_pujet_up
hist_pujet_down
hist_pujet_mistag_up
hist_pujet_mistag_down
hist_fakelepton_up
hist_fakelepton_down


time start : 2021-04-27 17:16:03
time end   : 2021-04-27 17:16:39
